Time Flux-Mask Background XCent YCent
1935.9017 116358.442325 247.985747 15.315788 10.993583
1935.9222 116315.085706 247.999028 15.301825 10.991934
1935.9426 116352.081215 248.091328 15.295418 10.997166
1935.9630 116323.560014 248.254370 15.278589 10.997683
1935.9835 116352.102332 248.479880 15.263716 10.994146
1936.0039 116294.127783 248.759581 15.255924 10.997583
1936.0243 116285.203227 249.085199 15.272282 10.998459
1936.0448 116242.779071 249.448458 15.234165 10.996769
1936.0652 116224.654964 249.841083 15.237467 10.998455
1936.0856 116219.610293 250.254798 15.231149 11.001220
1936.1061 116191.299038 250.681330 15.210451 11.000835
1936.1265 116171.315847 251.112399 15.202116 11.002055
1936.1469 116136.774456 251.539730 15.173082 11.002997
1936.1673 116134.460795 251.955055 15.180060 11.006982
1936.1878 116111.242002 252.350088 15.165995 11.002062
1936.2082 116091.842340 252.716561 15.171817 11.003478
1936.2286 116066.972745 253.047845 15.165702 11.002730
1936.2491 116076.792361 253.344067 15.157494 11.007271
1936.2695 116038.553296 253.607101 15.153761 11.006301
1936.2899 116050.399461 253.838813 15.142152 11.003662
1936.3104 116018.146043 254.041069 15.139682 11.004771
1936.3308 116032.038071 254.215739 15.134448 11.009205
1936.3512 116019.510839 254.364691 15.091051 11.007084
1936.3717 116001.870380 254.489792 15.088442 11.008841
1936.3921 115946.557590 254.592912 15.083915 11.012916
1936.4125 116052.243418 254.675917 15.093467 11.009495
1936.4330 115980.009029 254.740676 15.091522 11.008638
1936.4738 115963.424367 254.822927 15.139499 11.007408
1936.4943 115941.113827 254.844156 15.010482 10.991837
1936.5147 115941.638221 254.854610 15.018531 11.018715
1936.5351 115917.948755 254.856158 15.025284 11.019961
1936.5556 115903.736178 254.850523 15.007844 11.017796
1936.5760 115911.911312 254.838811 15.013507 11.027299
1936.5964 115910.994384 254.821970 14.980078 11.018187
1936.6168 115896.779172 254.800945 14.989212 11.023170
1936.6373 115907.121286 254.776682 14.984942 11.025899
1936.6577 115898.438300 254.750127 14.978683 11.033822
1936.6781 115892.018930 254.722226 14.988668 11.028606
1936.6986 115893.326721 254.693926 14.973616 11.021736
1936.7190 115919.313428 254.666171 14.979750 11.020173
1936.7394 115929.507514 254.639909 14.965073 11.013833
1936.7599 115916.840449 254.616084 14.964225 11.010540
1936.7803 115867.723128 254.595644 14.947991 11.031981
1936.8007 115914.985307 254.579534 14.944342 11.029272
1936.8212 115905.360495 254.568700 14.951157 11.034900
1936.8416 115923.781470 254.564089 14.938316 11.019677
1936.8620 115879.779700 254.566262 14.933116 11.028567
1936.8825 115885.240027 254.574124 14.932864 11.031189
1936.9029 115872.589520 254.586132 14.928655 11.031355
1936.9233 115891.774977 254.600740 14.930449 11.036208
1936.9438 115918.666835 254.616405 14.911052 11.023392
1936.9642 115902.268210 254.631581 14.910874 11.028971
1936.9846 115873.877129 254.644725 14.899720 11.031554
1937.0050 115888.092754 254.654292 14.892425 11.031344
1937.0255 115865.472349 254.658738 14.891908 11.039782
1937.0459 115833.950834 254.656519 14.877091 11.039704
1937.0663 115854.860252 254.646090 14.862822 11.034884
1937.0868 115820.570675 254.625907 14.850681 11.035224
1937.1072 115830.384940 254.594425 14.848374 11.048191
1937.1276 115805.801993 254.550100 14.836100 11.049269
1937.1481 115809.903925 254.491388 14.810839 11.035951
1937.1685 115778.684999 254.417352 14.792564 11.036986
1937.1889 115776.799576 254.329747 14.796109 11.046151
1937.2094 115752.603931 254.231079 14.788630 11.048080
1937.2298 115738.772835 254.123856 14.776189 11.054621
1937.2502 115703.797428 254.010580 14.759057 11.051245
1937.2707 115732.596494 253.893759 14.758231 11.051761
1937.2911 115707.281882 253.775898 14.762263 11.063837
1937.3115 115673.199077 253.659502 14.732882 11.054247
1937.3320 115644.274090 253.547077 14.711567 11.045769
1937.3524 115593.294251 253.441129 14.704407 11.062147
1937.3728 115618.370721 253.344162 14.697490 11.060285
1937.3932 115574.737932 253.258684 14.689644 11.066084
1937.4137 115574.508430 253.187199 14.685849 11.069754
1937.4341 116063.782409 253.132213 15.248573 10.994006
1937.4545 116200.744111 253.096232 15.312726 10.989997
1937.4750 116234.193456 253.081230 15.301718 10.997736
1937.4954 116181.857899 253.086764 15.287769 10.994276
1937.5158 116201.815590 253.111699 15.263366 10.995467
1937.5363 116246.075248 253.154901 15.261093 10.994575
1937.5567 116194.121607 253.215236 15.240226 11.005672
1937.5771 116235.389749 253.291570 15.224802 10.993120
1937.5976 116202.651303 253.382768 15.231314 10.998743
1937.6180 116300.824903 253.487697 15.228381 11.002270
1937.6384 116222.370258 253.605222 15.217152 11.001400
1937.6589 116217.152197 253.734210 15.213040 11.003493
1937.6793 116223.134796 253.873524 15.211219 10.992807
1937.6997 116170.974633 254.022033 15.189135 11.006666
1937.7202 116171.561188 254.178601 15.198649 11.004094
1937.7406 116189.519475 254.342094 15.187640 11.003061
1937.7610 116148.657441 254.511378 15.201524 11.000283
1937.7814 116180.113450 254.685317 15.192417 11.002009
1937.8019 116170.000040 254.862758 15.192184 10.998420
1937.8223 116161.560055 255.042550 15.194912 11.002713
1937.8427 116157.292871 255.223537 15.206069 11.008007
1937.8632 116161.426410 255.404564 15.194700 10.998252
1937.8836 116154.890253 255.584480 15.201220 11.000583
1937.9040 116111.401215 255.762128 15.211365 11.004776
1937.9245 116114.349661 255.936354 15.213838 10.997509
1937.9449 116089.945114 256.106005 15.198632 11.002876
1937.9653 116122.199093 256.269927 15.212887 10.999799
1937.9858 116077.139467 256.426964 15.212416 11.002457
1938.0062 116090.231524 256.575964 15.214295 11.001617
1938.0266 116071.583679 256.715771 15.204680 11.003338
1938.0471 116098.656522 256.845232 15.206678 10.997154
1938.0675 116038.681997 256.963192 15.166242 11.003898
1938.0879 116035.848438 257.068466 15.136662 11.009155
1938.1084 116017.385135 257.159717 15.117590 11.008118
1938.1288 115968.824641 257.235559 15.083867 11.013500
1938.1492 115967.852317 257.294612 15.070437 11.011244
1938.1697 115989.411588 257.335491 15.069482 11.014709
1938.1901 115995.522763 257.356813 15.075842 11.011311
1938.2105 115976.482009 257.357195 15.075572 11.010599
1938.2309 115983.315132 257.335254 15.082340 11.011961
1938.2514 115978.446466 257.289606 15.098926 11.010587
1938.2718 116037.668554 257.218869 15.114242 11.008921
1938.2922 116060.415019 257.121658 15.131150 11.009618
1938.3127 116083.885529 256.996592 15.152103 11.005297
1938.3331 116076.875651 256.842285 15.148182 11.007981
1938.3535 116100.988508 256.657356 15.151237 11.005005
1938.3740 116119.531979 256.440423 15.152887 11.009046
1938.3944 116142.689654 256.190899 15.172815 11.003011
1938.4353 116229.551964 255.608812 15.345546 10.981445
1938.4557 116235.072688 255.285436 15.356865 10.979483
1938.4761 116277.503026 254.946636 15.351523 10.978818
1938.4966 116257.183819 254.597005 15.351108 10.996146
1938.5170 116291.942100 254.241139 15.342022 10.997401
1938.5374 116309.073075 253.883634 15.323455 10.996800
1938.5579 116308.675811 253.529086 15.299955 10.989364
1938.5783 116316.545636 253.182090 15.306654 10.994822
1938.5987 116330.498749 252.847241 15.314395 11.004586
1938.6191 116376.513991 252.529135 15.331656 10.997584
1938.6396 116384.942599 252.232369 15.321636 10.994596
1938.6600 116405.951409 251.961540 15.336282 10.992117
1938.6804 116450.834338 251.721238 15.334311 10.972366
1938.7009 116436.818388 251.516063 15.349150 10.983382
1938.7213 116438.265859 251.349629 15.380884 10.989596
1938.7417 116486.576127 251.220563 15.381805 10.989888
1938.7622 116516.463485 251.125922 15.401989 10.987261
1938.7826 116492.948198 251.062757 15.366528 10.993396
1938.8030 116518.152284 251.028123 15.380096 10.982105
1938.8235 116487.758395 251.019072 15.390495 10.991259
1938.8439 116493.675737 251.032658 15.390265 10.987117
1938.8643 116536.168398 251.065934 15.395540 10.987834
1938.8848 116518.110182 251.115954 15.400492 10.987272
1938.9052 116507.193870 251.179769 15.388511 10.980225
1938.9256 116480.268165 251.254435 15.412511 10.988778
1938.9461 116514.998508 251.337004 15.410028 10.984458
1938.9665 116503.432393 251.424530 15.430256 10.985915
1938.9869 116477.171970 251.514065 15.426600 10.986904
1939.0073 116515.493004 251.602663 15.427398 10.979537
1939.0278 116530.691732 251.688009 15.447671 10.981360
1939.0482 116495.523995 251.771080 15.447563 10.986084
1939.0686 116528.003906 251.853921 15.456491 10.985296
1939.0891 116476.033032 251.938580 15.471826 10.978678
1939.1095 116466.488773 252.027102 15.466063 10.975225
1939.1299 116518.272430 252.121534 15.480296 10.974056
1939.1504 116469.308711 252.223921 15.501686 10.976313
1939.1708 116498.471589 252.336310 15.514672 10.979739
1939.1912 116488.896939 252.460747 15.532474 10.974583
1939.2117 116471.195371 252.599279 15.564493 10.968431
1939.2321 116504.872193 252.753950 15.561189 10.981811
1939.2525 116498.775242 252.926810 15.573577 10.971568
1939.2730 116447.525619 253.119903 15.576624 10.960117
1939.2934 116449.858740 253.335273 15.594829 10.958951
1939.3138 116447.994742 253.574971 15.605332 10.968499
1939.3343 116444.154731 253.840021 15.612022 10.966044
1939.3547 116392.321115 254.125991 15.634112 10.969330
1939.3751 116401.095844 254.426637 15.641133 10.956639
1939.3955 116261.724766 254.735707 15.138251 11.011807
1939.4160 116271.325399 255.046954 15.093843 11.017051
1939.4364 116237.854141 255.354125 15.113215 11.015911
1939.4568 116255.845517 255.650974 15.151709 11.007370
1939.4773 116230.055406 255.931253 15.170102 11.009707
1939.4977 116262.845910 256.188709 15.191876 11.004667
1939.5181 116248.248713 256.417095 15.210083 11.012598
1939.5386 116247.349357 256.610163 15.200659 10.998388
1939.5590 116236.676475 256.761660 15.208016 11.005001
1939.5794 116250.844428 256.865341 15.227780 11.007916
1939.5999 116266.745410 256.914956 15.237626 11.003208
1939.6203 116274.154653 256.904254 15.261552 10.996498
1939.6407 116284.974440 256.828730 15.277955 10.994716
1939.6612 116314.362779 256.693460 15.319886 10.993591
1939.6816 116308.204533 256.506796 15.350957 10.990791
1939.7020 116338.839239 256.277090 15.385568 10.989541
1939.7225 116340.311017 256.012697 15.398733 10.988271
1939.7429 116384.641406 255.721972 15.433332 10.983317
1939.7633 116398.765440 255.413265 15.422502 10.983427
1939.7838 116407.999606 255.094932 15.464137 10.987745
1939.8042 116444.783825 254.775329 15.487689 10.978784
1939.8246 116468.169935 254.462805 15.505973 10.974050
1939.8450 116458.643907 254.165717 15.535826 10.970861
1939.8655 116486.903917 253.892419 15.586898 10.968975
1939.8859 116520.087242 253.651261 15.607926 10.965481
1939.9063 116504.296991 253.450601 15.627943 10.966625
1939.9268 116521.145388 253.298791 15.639426 10.958333
1939.9676 116539.886596 253.163701 15.687907 10.966638
1939.9881 116549.779113 253.176226 15.702732 10.953603
1940.0085 116553.431640 253.236835 15.727854 10.952614
1940.0494 116535.330713 253.486397 15.804444 10.943686
1940.0698 116538.114441 253.667395 15.823132 10.945142
1940.0902 116498.635733 253.880569 15.851326 10.938736
1940.1311 116434.021376 254.387535 15.187572 11.014111
1940.1515 116355.172555 254.673371 15.102521 11.010468
1940.1720 116367.572867 254.975476 15.155018 11.011017
1940.1924 116391.800803 255.289868 15.220547 11.005054
1940.2128 116395.943340 255.612573 15.262550 10.995707
1940.2332 116371.216217 255.939613 15.304420 11.001714
1940.2537 116402.948911 256.267010 15.346751 10.987758
1940.2741 116390.529769 256.590788 15.376963 10.991380
1940.2945 116398.814543 256.906968 15.413921 10.985727
1940.3150 116379.709904 257.212133 15.444753 10.986090
1940.3354 116383.501207 257.506106 15.509642 10.971936
1940.3558 116359.347853 257.789873 15.536746 10.977435
1940.3967 116331.127176 258.330752 15.377630 11.003361
1940.4171 116297.553837 258.589842 15.331335 10.997488
1940.4376 116293.857116 258.842685 15.300733 11.002200
1940.4580 116310.313358 259.090274 15.351337 10.988650
1940.4784 116298.593845 259.333593 15.406871 10.988402
1940.4989 116290.798163 259.573637 15.425328 10.989417
1940.5193 116290.555289 259.811390 15.457340 10.996761
1940.5397 116289.209568 260.047846 15.463855 10.980674
1940.5602 116270.899487 260.283994 15.477689 10.975305
1940.5806 116275.817346 260.520820 15.496258 10.975402
1940.6010 116265.912777 260.759318 15.530055 10.965103
1940.6214 116248.651200 261.000478 15.211375 11.006679
1940.6419 115951.968870 261.245144 14.898539 11.040811
1940.6623 115951.051019 261.493323 14.910021 11.041154
1940.6827 115980.774707 261.744715 14.954795 11.041777
1940.7236 116056.537313 262.255903 14.986678 11.024778
1940.7440 116038.788573 262.515093 15.025323 11.025247
1940.7645 116003.028732 262.776271 15.038248 11.021886
1940.7849 116016.685248 263.039134 15.050311 11.031142
1940.8053 116171.063691 263.303375 15.057969 11.012584
1940.8258 116088.784235 263.568691 15.108620 11.015796
1940.8462 116093.213851 263.834776 15.134532 11.016431
1940.8666 116116.482450 264.101323 15.198434 11.004156
1940.8871 116083.587952 264.368030 15.206352 11.010895
1940.9075 116144.265890 264.634591 15.228562 10.992698
1940.9279 116102.620874 264.900699 15.268900 11.010395
1940.9484 116116.680214 265.166051 15.288821 10.999469
1940.9688 116071.618375 265.429782 15.331057 10.999509
1940.9892 116097.000904 265.687592 15.389878 10.997037
1941.0096 116100.029385 265.933891 15.399137 10.982232
1941.0301 116109.182436 266.163078 15.441330 10.978127
1941.0505 116120.938195 266.369559 15.477262 10.978016
1941.0709 116098.773392 266.547736 15.513294 10.984016
1941.0914 116116.890166 266.692011 15.551823 10.972855
1941.1118 115747.602065 266.796788 14.877484 11.042583
1941.1322 115691.960263 266.856469 14.814568 11.053140
1941.1527 115717.537754 266.865458 14.844340 11.055328
1941.1731 115792.373512 266.818158 14.880305 11.041015
1941.1935 115832.154683 266.708970 14.900123 11.030262
1941.2140 115874.265553 266.532300 14.956482 11.023268
1941.2344 115927.083059 266.282549 15.002187 11.030242
1941.2548 115960.535712 265.954119 15.044479 11.026949
1941.2753 116018.479797 265.543412 15.074766 11.023689
1941.2957 116088.416922 265.059389 15.121496 11.004539
1941.3161 116137.943251 264.515888 15.153743 11.009258
1941.3366 116176.389517 263.926757 15.221733 11.007518
1941.3570 116225.234978 263.305841 15.263586 11.003257
1941.3774 116264.518549 262.666997 15.294137 10.996922
1941.3978 116326.832968 262.024066 15.338282 10.995221
1941.4183 116328.940059 261.390893 15.392253 10.997958
1941.4387 116410.343617 260.781338 15.455059 10.981516
1941.4591 116425.568107 260.209238 15.508617 10.978034
1941.4796 116474.726641 259.688444 15.548759 10.981849
1941.5000 116468.851735 259.232809 15.572776 10.972953
1941.5204 116505.773468 258.856174 15.601412 10.963346
1941.5409 116547.412529 258.572392 15.654944 10.960897
1941.5613 116563.879413 258.395311 15.698630 10.960974
1941.6022 116529.878031 258.396164 15.417851 10.992672
1941.6226 116491.739210 258.559857 15.419208 10.992480
1941.6430 116502.474099 258.816619 15.479743 10.979950
1941.6635 116502.480995 259.154580 15.547492 10.973924
1941.6839 116500.903421 259.561873 15.579355 10.971661
1941.7043 116475.345002 260.026632 15.620949 10.972319
1941.7248 116488.627412 260.536989 15.656488 10.964074
1941.7452 116433.814243 261.081075 15.729189 10.953043
1941.7656 116409.654640 261.647030 15.756418 10.957669
1941.7860 116415.510943 262.222979 15.797897 10.947619
1941.8065 116375.417498 262.797057 15.855625 10.942445
1941.8269 116331.965873 263.357398 15.904238 10.943003
1941.8473 116292.961539 263.892134 15.345922 10.992661
1941.8678 116275.399886 264.389401 15.338859 10.995163
1941.8882 116267.694530 264.837324 15.405080 10.994102
1941.9086 116293.878287 265.225629 15.461446 10.988226
1941.9291 116283.890029 265.554583 15.525610 10.973480
1941.9495 116273.059368 265.828752 15.599914 10.971915
1941.9699 116283.199033 266.052722 15.641078 10.965419
1941.9904 116284.766647 266.231076 15.681321 10.960581
1942.0108 116274.558045 266.368393 15.725009 10.955825
1942.0312 116294.169606 266.469259 15.799296 10.949759
1942.0517 116253.845042 266.538255 15.852154 10.947945
1942.0925 116259.441182 266.598968 15.420714 10.990254
1942.1334 116283.973619 266.587195 15.494273 10.977172
1942.1538 116300.236857 266.565582 15.560688 10.977858
1942.1743 116266.814763 266.539595 15.613826 10.967904
1942.1947 116307.181502 266.513818 15.665921 10.962526
1942.2151 116291.640858 266.492831 15.749010 10.954592
1942.2355 116316.747130 266.481219 15.799680 10.949590
1942.2560 116313.639542 266.483014 15.868816 10.942008
1942.2764 116265.758147 266.498503 15.928383 10.938004
1942.2968 116252.022745 266.526403 16.025960 10.931125
1942.3173 116231.453508 266.565427 16.094267 10.920503
1942.3581 116319.931668 266.671691 15.388597 10.978545
1942.3786 116361.913893 266.736358 15.356910 10.994427
1942.3990 116313.641797 266.806996 15.421458 10.992407
1942.4194 116310.127549 266.882318 15.440139 10.990679
1942.4399 116306.641085 266.961037 15.461285 10.990871
1942.4603 116351.857088 267.041865 15.487337 10.981599
1942.4807 116350.533876 267.123514 15.539952 10.975128
1942.5012 116341.947823 267.204696 15.565781 10.984297
1942.5216 116351.001704 267.284123 15.589645 10.983478
1942.5420 116361.219656 267.360509 15.619777 10.976010
1942.5829 116237.326739 267.499001 15.148855 11.012628
1942.6033 116244.207027 267.558983 15.096422 11.014572
1942.6237 116265.471019 267.614832 15.149768 11.008200
1942.6442 116306.307526 267.670226 15.236864 11.007836
1942.6646 116327.104024 267.728850 15.274488 11.006903
1942.6850 116312.892931 267.794386 15.308493 11.011594
1942.7055 116363.247052 267.870518 15.327808 11.002202
1942.7259 116377.023872 267.960930 15.351044 10.984630
1942.7463 116446.851993 268.069305 15.402875 10.994608
1942.7668 116383.943877 268.199328 15.430816 10.989909
1942.7872 116408.171482 268.354679 15.465929 10.998116
1942.8076 116437.866864 268.539045 15.507525 10.974844
1942.8281 116442.900792 268.756109 15.537081 10.975802
1942.8485 116415.607047 269.009552 15.569632 10.977694
1942.8689 116400.347838 269.303058 15.593007 10.976654
1942.8894 116416.564571 269.640315 15.635993 10.971940
1942.9098 116418.083324 270.023820 15.679804 10.968221
1942.9302 116402.664190 270.447528 15.697748 10.960697
1942.9507 116397.178325 270.901651 15.726781 10.961726
1942.9711 116369.751489 271.376369 15.789245 10.961303
1942.9915 116333.960737 271.861873 15.828126 10.954467
1943.0324 116294.354312 272.825972 15.882776 10.939435
1943.0528 116236.391896 273.284947 15.961740 10.934295
1943.0732 116190.763270 273.715454 15.505716 10.986767
1943.0937 116224.815294 274.107680 15.468179 10.989211
1943.1141 116204.585381 274.451812 15.505819 10.984705
1943.1345 116230.331402 274.738036 15.572899 10.975762
1943.1550 116205.839988 274.956540 15.633447 10.974899
1943.1754 116207.659138 275.097512 15.664460 10.975293
1943.1958 116265.974063 275.151138 15.695965 10.961522
1943.2163 116261.281608 275.107604 15.741051 10.947912
1943.2571 116285.406373 274.709704 15.825120 10.952196
1943.2776 116213.103286 274.381505 15.853663 10.954122
1943.2980 116251.755182 273.993069 15.926686 10.939852
1943.3184 116195.584731 273.563912 15.130296 11.022684
1943.3389 116155.868818 273.113557 15.028160 11.022463
1943.3593 116142.355778 272.661531 15.083641 11.023423
1943.3797 116225.501190 272.227356 15.164879 11.019959
1943.4001 116278.348200 271.830549 15.214849 11.006522
1943.4206 116281.459759 271.490639 15.250665 11.009692
1943.4410 116298.642960 271.227147 15.311104 11.001008
1943.4614 116345.520276 271.059592 15.383684 10.998670
1943.4819 116366.522170 271.007501 15.417358 10.990013
1943.5023 116351.685376 271.090396 15.464641 10.991306
1943.5227 116346.804048 271.327797 15.524495 10.987305
1943.5432 116380.763403 271.739229 15.578432 10.971460
1943.5636 116378.881781 272.340081 15.610065 10.973290
1943.5840 116336.213095 273.114098 15.658883 10.971224
1943.6045 116349.310149 274.030449 15.708416 10.960124
1943.6249 116314.983093 275.058215 15.759653 10.961785
1943.6453 116271.280238 276.166457 15.805850 10.956764
1943.6658 116223.645511 277.324270 15.846201 10.948188
1943.6862 116173.869439 278.500734 15.923968 10.936364
1943.7066 116114.901741 279.664910 15.973232 10.938403
1943.7271 116028.964800 280.785899 16.035671 10.932186
1943.7475 115918.515091 281.832763 16.100979 10.924889
1943.7679 115840.107264 282.774582 16.184086 10.914206
1943.7883 115675.666946 283.580447 16.254455 10.911396
1943.8088 115856.694954 284.219423 15.629183 10.979313
1943.8292 115901.309342 284.660597 15.581677 10.973837
1943.8496 115882.062984 284.873046 15.646980 10.967025
1943.8701 115915.624939 284.830644 15.691726 10.962411
1943.8905 115901.688109 284.545005 15.734729 10.957146
1943.9109 115888.815209 284.045590 15.800552 10.952154
1943.9314 115914.417078 283.361972 15.853084 10.949551
1943.9518 115939.136976 282.523724 15.893619 10.939375
1943.9722 115991.357670 281.560401 15.953752 10.939036
1943.9927 115953.188008 280.501588 16.044654 10.933338
1944.0131 116016.944790 279.376848 16.102751 10.924637
1944.0335 116013.689694 278.215752 16.190641 10.920603
1944.0540 116411.341610 277.047868 15.318782 11.004356
1944.0744 116289.660657 275.902761 15.209788 11.012308
1944.0948 116347.380010 274.810017 15.273209 11.014607
1944.1153 116428.074698 273.799189 15.335243 10.999882
1944.1357 116524.223814 272.899847 15.418705 10.990936
1944.1561 116578.751835 272.141574 15.476350 10.991040
1944.1765 116688.250476 271.550539 15.532082 10.980590
1944.1970 116683.136760 271.125504 15.587951 10.980733
1944.2174 116726.533079 270.851940 15.650135 10.969988
1944.2378 116731.772696 270.715222 15.692542 10.969484
1944.2583 116764.899445 270.700735 15.725453 10.960471
1944.2787 116741.604109 270.793855 15.805682 10.953884
1944.3196 116538.998290 271.244446 15.169209 11.017860
1944.3400 116506.934758 271.572675 15.194774 11.021527
1944.3604 116500.825322 271.950033 15.240504 11.019462
1944.3809 116453.380157 272.361901 15.255515 11.007877
1944.4013 116405.230271 272.793659 15.288669 11.003217
1944.4217 116414.110071 273.230686 15.345202 10.987317
1944.4422 116362.647025 273.658364 15.377916 10.995440
1944.4626 116323.522895 274.062073 15.400849 10.995982
1944.4830 116325.844125 274.427191 15.472235 10.987410
1944.5035 116259.998399 274.740437 15.514411 10.991931
1944.5239 116284.715913 274.999655 15.550709 10.987430
1944.5443 116211.480800 275.208218 15.185973 11.011074
1944.5648 116104.120990 275.369541 15.072527 11.024196
1944.6056 116172.530184 275.564115 15.146407 11.024753
1944.6260 116246.497497 275.604192 15.228515 11.025112
1944.6465 116268.158757 275.610681 15.264131 11.005708
1944.6669 116307.218628 275.586993 15.307112 10.995763
1944.6873 116333.204551 275.536543 15.366703 11.002441
1944.7078 116349.811130 275.462743 15.428895 10.997202
1944.7282 116357.323737 275.369006 15.467687 10.997548
1944.7486 116397.624571 275.258745 15.512081 10.984635
1944.7691 116436.910753 275.135374 15.563001 10.978088
1944.7895 116307.718364 275.002305 15.159881 11.019422
1944.8099 116278.160401 274.862951 15.131329 11.027735
1944.8304 116335.141706 274.720642 15.219426 11.024071
1944.8508 116383.021793 274.577979 15.257791 11.011947
1944.8712 116411.200741 274.437193 15.296293 10.998893
1944.8917 116430.615711 274.300516 15.353015 10.993029
1944.9121 116407.541548 274.170177 15.439156 10.995747
1944.9325 116424.130355 274.048405 15.472467 10.995689
1944.9530 116455.026727 273.937431 15.518734 10.984551
1944.9734 116478.907690 273.839483 15.583904 10.979858
1944.9938 116477.684150 273.756792 15.628574 10.979583
1945.0142 116478.829664 273.691587 15.672752 10.973721
1945.0347 116493.486697 273.646098 15.298367 11.005982
1945.0551 116499.243258 273.622555 15.311864 11.003801
1945.0755 116486.707030 273.623186 15.348151 11.002970
1945.0960 116538.719073 273.650223 15.421913 10.992186
1945.1164 116515.998117 273.705895 15.477172 10.999227
1945.1368 116528.276939 273.792012 15.508854 10.985189
1945.1573 116552.198128 273.906704 15.553183 10.983045
1945.1777 116571.235073 274.046171 15.608566 10.976438
1945.1981 116556.015730 274.206604 15.660105 10.974815
1945.2186 116539.226973 274.384189 15.696535 10.969334
1945.2390 116543.675790 274.575113 15.746017 10.961686
1945.2799 116412.741235 274.981738 15.326101 11.008973
1945.3003 116381.189366 275.189811 15.320579 11.003429
1945.3207 116340.433440 275.395979 15.396021 10.997664
1945.3412 116376.549865 275.596425 15.449648 10.998776
1945.3616 116365.776889 275.787337 15.510610 10.992672
1945.3820 116374.481818 275.964907 15.570045 10.979025
1945.4024 116402.348314 276.125320 15.606574 10.973204
1945.4229 116365.248499 276.264764 15.658674 10.972555
1945.4433 116358.839263 276.379426 15.723007 10.968749
1945.4637 116391.402999 276.465941 15.760413 10.959534
1945.4842 116339.799978 276.524992 15.801970 10.961427
1945.5250 116248.965970 276.572100 15.214783 11.018410
1945.5455 116252.645333 276.565889 15.182516 11.015412
1945.5659 116259.105949 276.543654 15.253024 11.014630
1945.5863 116271.444884 276.508262 15.326487 11.011487
1945.6068 116318.149408 276.462577 15.379757 10.997847
1945.6272 116327.432872 276.409466 15.465181 10.993059
1945.6476 116343.412409 276.351793 15.528080 10.992844
1945.6681 116362.652196 276.292425 15.574631 10.980106
1945.6885 116388.339702 276.234225 15.638832 10.974877
1945.7089 116403.900443 276.180061 15.686030 10.971280
1945.7294 116399.344027 276.132798 15.730567 10.961188
1945.7498 116398.212143 276.095300 15.789257 10.961516
1945.7702 116284.432274 276.070433 15.134577 11.029911
1945.7906 116224.136386 276.060767 15.091103 11.022797
1945.8111 116260.216589 276.066098 15.179070 11.024314
1945.8315 116307.982945 276.084708 15.242750 11.014670
1945.8519 116342.448360 276.114860 15.313910 11.003385
1945.8724 116326.253051 276.154820 15.399600 11.002827
1945.8928 116358.591045 276.202853 15.464810 10.991623
1945.9132 116317.512756 276.257225 15.513496 10.993997
1945.9337 116360.723257 276.316200 15.588285 10.981402
1945.9541 116292.699393 276.378043 15.637516 10.973999
1945.9745 116350.827015 276.441019 15.678765 10.973779
1945.9950 116344.503461 276.503395 15.745526 10.961969
1946.0154 116177.616007 276.563433 15.031835 11.039385
1946.0358 116016.846525 276.619401 14.905305 11.055362
1946.0563 116089.244394 276.669563 14.985246 11.038149
1946.0767 116138.117800 276.712183 15.042761 11.036019
1946.0971 116175.379493 276.745650 15.110761 11.024945
1946.1176 116190.499948 276.769541 15.194824 11.020214
1946.1380 116233.466330 276.784099 15.264532 11.014415
1946.1584 116248.862567 276.789574 15.338901 11.002530
1946.1788 116283.591955 276.786215 15.440347 11.001969
1946.1993 116318.897814 276.774271 15.494928 10.989200
1946.2197 116302.312168 276.753994 15.567187 10.986829
1946.2401 116292.341385 276.725634 15.626533 10.976651
1946.2810 116113.093845 276.645659 14.976508 11.029940
1946.3014 116103.520928 276.594546 15.014612 11.038431
1946.3219 116100.607027 276.536347 15.028117 11.038869
1946.3423 116164.564238 276.471314 15.079803 11.033729
1946.3627 116178.520489 276.399697 15.116905 11.027041
1946.3832 116175.851907 276.321744 15.134797 11.025655
1946.4036 116239.397647 276.237707 15.207001 11.021828
1946.4240 116255.045688 276.147995 15.252217 11.023357
1946.4445 116248.348184 276.054620 15.281210 11.023255
1946.4649 116312.119466 275.960513 15.328835 11.008712
1946.4853 116304.796346 275.868614 15.367582 11.000324
1946.5058 116336.232899 275.781861 15.379195 11.001362
1946.5466 116363.200430 275.635563 15.476666 11.004253
1946.5670 116389.337835 275.581898 15.500976 10.993880
1946.5875 116408.101100 275.545143 15.570035 10.993205
1946.6079 116403.958435 275.528238 15.585674 10.992927
1946.6283 116406.590273 275.534124 15.598697 10.979002
1946.6488 116432.390332 275.565741 15.669085 10.974054
1946.6692 116443.596751 275.626030 15.686985 10.973514
1946.6896 116456.143595 275.717932 15.730447 10.976669
1946.7101 116422.382559 275.844386 15.768108 10.966394
1946.7305 116422.504573 276.008333 15.769317 10.951028
1946.7509 116352.027470 276.212153 15.316426 11.014996
1946.7714 116327.849593 276.452462 15.312503 11.016263
1946.7918 116357.082725 276.722490 15.348766 11.008452
1946.8122 116353.730745 277.015425 15.404294 11.008110
1946.8327 116352.332708 277.324461 15.442487 10.990815
1946.8531 116348.482865 277.642784 15.481126 10.999224
1946.8735 116357.894494 277.963580 15.528165 10.990110
1946.8940 116361.646158 278.280045 15.577566 10.993640
1946.9144 116364.997859 278.585363 15.605454 10.990600
1946.9348 116366.170218 278.872722 15.637985 10.983759
1946.9552 116387.698431 279.135317 15.662258 10.956712
1946.9757 116371.203129 279.366331 15.690948 10.970607
1946.9961 116261.889486 279.558956 15.113212 11.035429
1947.0165 116209.203013 279.706379 15.062838 11.041690
1947.0574 116251.170280 279.838380 15.148771 11.024956
1947.0778 116255.352104 279.810274 15.194934 11.031544
1947.0983 116306.466877 279.721531 15.231636 11.020181
1947.1187 116376.448364 279.582177 15.287628 11.006012
1947.1391 116341.966787 279.402322 15.332460 11.005828
1947.1596 116394.109329 279.192075 15.388826 11.001661
1947.1800 116431.348149 278.961545 15.443880 11.003714
1947.2004 116446.288302 278.720844 15.489387 11.001621
1947.2209 116459.499245 278.480076 15.542143 10.981641
1947.2413 116467.146853 278.249355 15.446396 11.003907
1947.2617 116499.251640 278.038789 15.476273 10.991956
1947.2822 116498.187425 277.858485 15.530773 10.994238
1947.3026 116529.296352 277.718555 15.572352 10.988783
1947.3230 116526.791887 277.629107 15.611834 10.983396
1947.3435 116554.278590 277.600249 15.666978 10.977184
1947.3639 116561.233009 277.642092 15.703902 10.971717
1947.3843 116538.150363 277.763742 15.736328 10.966242
1947.4047 116534.609603 277.963366 15.793951 10.962701
1947.4252 116542.738080 278.232391 15.833869 10.963189
1947.4456 116481.727850 278.562153 15.878806 10.958009
1947.4660 116496.037782 278.943976 15.931937 10.945484
1947.4865 116493.814271 279.369199 15.470538 10.993862
1947.5069 116454.091996 279.829153 15.471033 10.994929
1947.5273 116447.802440 280.315163 15.544968 10.988361
1947.5478 116425.382506 280.818568 15.603532 10.983320
1947.5682 116416.131814 281.330699 15.663194 10.980713
1947.5886 116391.223908 281.842880 15.713828 10.970478
1947.6091 116334.233727 282.346451 15.745576 10.969304
1947.6295 116329.219514 282.832742 15.797086 10.957198
1947.6499 116285.651143 283.293079 15.846982 10.962686
1947.7317 116194.769705 284.701572 15.349604 11.014100
1947.7521 116177.905531 284.902872 15.339698 11.010067
1947.7725 116200.784266 285.035973 15.411231 11.005423
1947.7929 116252.272566 285.106457 15.478296 11.000007
1947.8134 116260.475280 285.119985 15.532036 10.985646
1947.8542 116280.616821 284.998829 15.651948 10.981140
1947.8747 116297.545196 284.875470 15.677919 10.968848
1947.8951 116315.770751 284.717807 15.724996 10.973068
1947.9155 116342.026878 284.531503 15.785348 10.964404
1947.9360 116376.316926 284.322221 15.823392 10.956683
1947.9564 116318.821422 284.095623 15.891989 10.957501
1947.9768 116223.667121 283.857374 15.123181 11.032822
1947.9973 116183.047169 283.613135 15.057314 11.036102
1948.0177 116258.373306 283.368567 15.144460 11.030789
1948.0381 116281.395751 283.129337 15.191621 11.020545
1948.0586 116295.605482 282.901105 15.251066 11.016332
1948.0790 116340.072023 282.689208 15.342156 11.008766
1948.0994 116358.110998 282.495197 15.378578 11.006368
1948.1199 116402.350012 282.318175 15.438102 11.008255
1948.1403 116418.921599 282.157209 15.496755 10.993981
1948.1607 116418.426119 282.011364 15.544010 10.991340
1948.1811 116441.072900 281.879703 15.606211 10.983378
1948.2016 116449.098394 281.761293 15.649073 10.976470
1948.2424 116432.943286 281.560482 15.334331 10.989929
1948.2629 116460.944946 281.476211 15.340278 11.000779
1948.2833 116466.045523 281.401449 15.349224 11.016268
1948.3037 116470.592649 281.335262 15.398782 11.008383
1948.3242 116501.572747 281.276715 15.414769 11.006477
1948.3446 116491.956294 281.224871 15.458942 10.998774
1948.3650 116503.073552 281.178797 15.489080 10.995424
1948.3855 116507.516295 281.137557 15.508744 10.997861
1948.4059 116506.843709 281.100284 15.560892 10.993502
1948.4263 116520.130310 281.066936 15.584563 10.999880
1948.4468 116538.660939 281.038013 15.606710 10.984639
1948.4672 116465.589969 281.014026 15.216977 11.021447
1948.4876 116457.052837 280.995486 15.178211 11.020278
1948.5081 116532.148737 280.982902 15.205339 11.012960
1948.5285 116579.558653 280.976785 15.274081 11.019751
1948.5489 116553.059955 280.977646 15.312535 11.015015
1948.5693 116574.606159 280.985996 15.374112 11.011820
1948.5898 116592.914240 281.002344 15.409609 11.013910
1948.6102 116562.547339 281.027201 15.430915 11.003082
1948.6306 116563.437558 281.061079 15.477657 10.991252
1948.6511 116520.415021 281.104486 15.492665 10.998205
1948.6715 116502.758597 281.157934 15.533562 10.997290
1948.6919 116479.735116 281.221933 15.577311 10.996582
1948.7124 116413.008984 281.296762 15.392512 11.005422
1948.7328 116421.994282 281.379826 15.434984 10.995715
1948.7532 116386.503923 281.466584 15.484290 10.998203
1948.7737 116347.716526 281.552461 15.521532 10.993855
1948.7941 116331.355356 281.632882 15.572898 10.990503
1948.8145 116334.681695 281.703271 15.598060 10.989723
1948.8350 116351.999047 281.759053 15.628373 10.976819
1948.8554 116325.188554 281.795651 15.670547 10.980948
1948.8758 116354.154255 281.808491 15.698681 10.976270
1948.8963 116398.160015 281.792996 15.746516 10.974749
1948.9167 116372.653209 281.744590 15.772038 10.970067
1948.9371 116426.879085 281.658699 15.794085 10.959267
1948.9575 116385.353700 281.530747 15.413422 10.999637
1948.9780 116358.563440 281.356157 15.416495 11.003177
1948.9984 116380.131380 281.130355 15.475115 10.998636
1949.0188 116385.373889 280.849564 15.530890 10.999468
1949.0393 116378.661815 280.520258 15.569425 10.989856
1949.0597 116432.381390 280.156002 15.621880 10.985975
1949.0801 116584.733198 279.770499 15.674122 10.983965
1949.1006 116433.571604 279.377463 15.720693 10.977442
1949.1210 116438.944144 278.990593 15.762764 10.960697
1949.1414 116437.767854 278.623597 15.817386 10.959180
1949.1619 116405.826877 278.290186 15.864140 10.956207
1949.1823 116308.497208 278.004060 15.961629 10.945345
1949.2027 116348.357606 277.778930 15.514786 11.007475
1949.2232 116364.618526 277.628502 15.501485 10.992464
1949.2436 116343.381722 277.566480 15.564318 10.987169
1949.2640 116349.605843 277.606572 15.600275 10.988247
1949.2845 116320.045772 277.762485 15.668943 10.981005
1949.3049 116315.453066 278.047926 15.710985 10.973526
1949.3253 116300.387822 278.475183 15.751259 10.968720
1949.3457 116267.297865 279.037825 15.820372 10.962256
1949.3662 116211.716111 279.716145 15.869237 10.959794
1949.3866 116165.678545 280.490156 15.918627 10.947128
1949.4070 116117.017149 281.339889 15.984092 10.945602
1949.4275 116004.887538 282.245347 16.037074 10.945429
1949.4479 116042.002806 283.186553 15.650612 10.987835
1949.4683 116019.685974 284.143522 15.627931 10.975009
1949.4888 115968.378260 285.096273 15.666992 10.973602
1949.5092 115954.711279 286.024821 15.726856 10.968902
1949.5296 115915.253902 286.909184 15.767698 10.969236
1949.5909 115779.197373 289.097336 15.930535 10.954484
1949.6114 115717.728355 289.605125 16.008112 10.943431
1949.6318 115676.660912 289.968819 16.078333 10.930298
1949.6522 115608.468272 290.168427 16.133752 10.937978
1949.6727 115524.125188 290.185505 16.222083 10.927465
1949.6931 115560.607909 290.022640 15.071932 11.043633
1949.7135 115449.307005 289.697664 14.896550 11.053830
1949.7339 115563.673547 289.228757 14.964222 11.049942
1949.7544 115636.169826 288.634083 15.016118 11.046428
1949.7748 115737.163798 287.931827 15.101749 11.030899
1949.7952 115799.947471 287.140155 15.150310 11.024574
1949.8157 115864.136977 286.277255 15.221197 11.023201
1949.8361 115935.875262 285.361289 15.300313 11.016063
1949.8565 116010.336893 284.410432 15.354861 11.012796
1949.8770 116050.026920 283.442872 15.439131 11.002530
1949.8974 116137.703270 282.476774 15.506695 10.990561
1949.9178 116191.652128 281.530303 15.568294 10.991922
1949.9383 116123.091497 280.621649 15.075788 11.044524
1949.9587 115917.968779 279.768982 14.859094 11.061354
1949.9791 116053.861513 278.989693 14.934708 11.054254
1949.9996 116129.085063 278.290088 15.016874 11.046092
1950.0200 116219.718319 277.668247 15.066251 11.036434
1950.0404 116298.003707 277.122067 15.166739 11.030350
1950.0609 116340.468303 276.649426 15.238506 11.021722
1950.0813 116428.719419 276.248212 15.329457 11.014508
1950.1017 116459.495399 275.916319 15.422697 11.003417
1950.1222 116486.685327 275.651633 15.497953 10.997984
1950.1426 116505.406339 275.452037 15.587583 10.988118
1950.1630 116527.207287 275.315424 15.649082 10.979635
1950.2039 116522.520227 275.222692 15.411819 11.010332
1950.2243 116507.051416 275.262349 15.427180 11.004931
1950.2447 116511.061741 275.356538 15.471319 11.010107
1950.2652 116500.308032 275.503146 15.512866 11.017349
1950.2856 116481.132673 275.700063 15.519304 10.995792
1950.3060 116497.812710 275.945005 15.568464 10.981723
1950.3265 116575.735618 276.233193 15.572512 10.972057
1950.3469 116494.886920 276.557956 15.608983 10.975365
1950.3673 116499.339179 276.912575 15.653935 10.983158
1950.3878 116504.177167 277.290324 15.684415 10.981567
1950.4082 116478.766519 277.684492 15.731570 10.975116
1950.4286 116430.048647 278.088352 15.442015 11.008855
1950.4491 116415.111493 278.495184 15.451449 11.001284
1950.4695 116410.082535 278.898275 15.512342 10.996218
1950.4899 116402.056126 279.290897 15.542915 10.993320
1950.5104 116384.706462 279.666332 15.591705 10.993424
1950.5308 116416.479964 280.017865 15.638388 10.991866
1950.5716 116393.280978 280.622329 15.686032 10.977218
1950.5921 116390.055506 280.861822 15.716437 10.962110
1950.6125 116379.282653 281.050528 15.764161 10.967469
1950.6329 116367.219288 281.182189 15.811242 10.960565
1950.6534 116360.226666 281.257504 15.849153 10.965080
1950.6738 116256.676079 281.282588 15.154395 11.033843
1950.6942 116147.760581 281.263695 15.056640 11.055904
1950.7147 116194.919866 281.207080 15.096100 11.032915
1950.7351 116258.356415 281.118998 15.157072 11.023099
1950.7555 116276.146337 281.005704 15.200538 11.028105
1950.7760 116305.002216 280.873452 15.269226 11.017893
1950.7964 116299.975079 280.728497 15.332991 11.016235
1950.8168 116370.851688 280.577095 15.380660 11.010436
1950.8373 116403.501182 280.425501 15.444280 10.997866
1950.8577 116406.479172 280.279967 15.477546 10.996689
1950.8781 116397.576232 280.146751 15.549397 10.994462
1950.8986 116452.265913 280.032107 15.597761 10.988803
1950.9190 116274.418003 279.942289 15.024915 11.048641
1950.9394 116211.934104 279.883247 15.003089 11.055013
1950.9598 116281.857953 279.856122 15.045851 11.034969
1950.9803 116299.385960 279.858235 15.106622 11.039049
1951.0007 116341.639737 279.886799 15.193531 11.029283
1951.0211 116361.899709 279.939029 15.235369 11.035889
1951.0416 116405.449741 280.012138 15.305800 11.019634
1951.0620 116410.023532 280.103342 15.345094 10.999864
1951.0824 116422.698535 280.209855 15.397778 11.003369
1951.1029 116469.684644 280.328890 15.489611 10.995583
1951.1233 116449.360116 280.457663 15.531565 11.000495
1951.1437 116462.705059 280.593387 15.568280 10.991754
1951.1642 116289.430024 280.733276 15.053045 11.044326
1951.1846 116256.223799 280.874546 15.025401 11.044897
1951.2050 116300.845398 281.014409 15.113094 11.043235
1951.2255 116335.401701 281.150082 15.155547 11.032420
1951.2459 116367.818358 281.278890 15.209855 11.016880
1951.2663 116505.608889 281.400009 15.299255 11.016317
1951.2868 116453.291119 281.514116 15.347576 11.012055
1951.3072 116449.199062 281.621932 15.432259 11.006905
1951.3276 116444.732234 281.724178 15.490984 11.007076
1951.3480 116475.420074 281.821573 15.533018 10.991976
1951.3685 116479.559386 281.914842 15.597855 10.984075
1951.3889 116488.196399 282.004702 15.643610 10.981550
1951.4093 116300.452089 282.091875 15.112097 11.040778
1951.4298 116289.060730 282.177083 15.096371 11.038125
1951.4502 116293.236886 282.261046 15.150703 11.030822
1951.4706 116373.783416 282.344485 15.244504 11.021464
1951.4911 116353.587884 282.428120 15.306179 11.021573
1951.5115 116432.142382 282.512674 15.358187 11.009779
1951.5319 116435.507480 282.598866 15.446737 11.002665
1951.5524 116415.489028 282.687422 15.500339 11.002185
1951.5728 116444.485575 282.779166 15.586015 10.991490
1951.5932 116466.063781 282.874995 15.609669 10.987303
1951.6137 116464.739728 282.975811 15.657677 10.976252
1951.6341 116475.241587 283.082518 15.715004 10.973476
1951.6545 116397.085320 283.196017 15.276751 11.023752
1951.6750 116372.825795 283.317208 15.287556 11.019567
1951.6954 116372.924252 283.446998 15.367187 11.011793
1951.7158 116399.708407 283.586284 15.434903 11.010700
1951.7362 116431.787230 283.735971 15.518082 10.991169
1951.7567 116408.764749 283.896960 15.570527 10.993318
1951.7771 116412.164270 284.070154 15.628685 10.984610
1951.7975 116428.408668 284.256453 15.688706 10.980488
1951.8180 116456.686351 284.456762 15.729579 10.973142
1951.8384 116428.097560 284.671980 15.796412 10.963271
1951.8588 116421.120490 284.902888 15.855983 10.957836
1951.8997 116297.489459 285.404420 15.195055 11.027742
1951.9201 116246.389097 285.668551 15.150395 11.036002
1951.9406 116279.806191 285.937226 15.258566 11.018788
1951.9610 116283.013124 286.207168 15.316079 11.017204
1951.9814 116296.625415 286.475104 15.407853 11.006595
1952.0019 116320.346570 286.737755 15.488183 11.005024
1952.0223 116348.815124 286.991850 15.537148 10.994502
1952.0427 116313.609484 287.234110 15.616087 10.985171
1952.0632 116308.281077 287.461259 15.673164 10.981411
1952.0836 116340.435110 287.670027 15.723599 10.971002
1952.1040 116334.906494 287.857133 15.791107 10.967084
1952.1244 116308.879979 288.019303 15.833854 10.964514
1952.1653 116206.923797 288.255739 15.264521 11.031406
1952.1857 116170.095369 288.323451 15.154142 11.039593
1952.2062 116171.627423 288.353352 15.190171 11.020976
1952.2266 116213.369609 288.346465 15.229746 11.022543
1952.2470 116287.556254 288.307368 15.293203 11.004963
1952.2675 116309.585798 288.240759 15.346336 11.003052
1952.2879 116284.319642 288.151334 15.421918 11.012190
1952.3083 116311.777888 288.043790 15.470517 11.002471
1952.3288 116337.715345 287.922826 15.519872 11.006235
1952.3492 116370.606924 287.793136 15.573069 10.989015
1952.3696 116359.776030 287.659419 15.595762 10.990083
1952.3901 116236.994213 287.526371 15.086610 11.041311
1952.4105 116213.216531 287.398690 15.083396 11.046606
1952.4309 116232.479604 287.281071 15.146177 11.046718
1952.4514 116302.611204 287.178213 15.213561 11.030028
1952.4718 116327.673349 287.094812 15.265681 11.020504
1952.4922 116381.556882 287.035565 15.296697 11.003360
1952.5126 116406.555798 287.004996 15.387545 11.009493
1952.5331 116416.441183 287.004336 15.443826 11.002040
1952.5535 116426.590673 287.031888 15.521308 11.002218
1952.5739 116412.617890 287.085849 15.573072 10.992732
1952.5944 116449.283980 287.164416 15.627768 10.992225
1952.6148 116484.413198 287.265788 15.679496 10.985771
1952.6352 116417.800931 287.388161 15.287826 11.024048
1952.6557 116371.072749 287.529734 15.261994 11.016787
1952.6761 116385.902043 287.688704 15.342462 11.017237
1952.6965 116400.929969 287.863271 15.391951 11.010128
1952.7170 116416.062618 288.051628 15.479610 11.008701
1952.7374 116418.609058 288.251977 15.507530 10.998147
1952.7578 116423.988129 288.462515 15.566300 10.987296
1952.7783 116405.242357 288.681436 15.624903 10.988112
1952.7987 116395.668674 288.906943 15.665997 10.990522
1952.8191 116409.729629 289.137207 15.723091 10.974949
1952.8396 116385.892297 289.369926 15.750920 10.976027
1952.8600 116440.717955 289.602372 15.789576 10.965946
1952.8804 116298.338949 289.831791 15.126716 11.038451
1952.9009 116221.574256 290.055435 15.107118 11.043356
1952.9213 116261.019591 290.270558 15.197243 11.031571
1952.9417 116318.554206 290.474410 15.288242 11.028257
1952.9621 116308.667778 290.664241 15.330678 11.012587
1952.9826 116346.631132 290.837304 15.408387 11.002850
1953.0030 116334.813845 290.990849 15.459518 10.998159
1953.0234 116342.744281 291.122127 15.545538 10.995948
1953.0439 116356.291683 291.228390 15.608101 10.991076
1953.0643 116348.085517 291.306890 15.628876 10.986642
1953.0847 116392.159175 291.354877 15.666934 10.980443
1953.1052 116405.813104 291.369602 15.709063 10.982484
1953.1460 116148.382855 291.290162 15.014427 11.052719
1953.1665 116226.707317 291.200733 15.076810 11.031139
1953.1869 116281.281990 291.087002 15.178021 11.033318
1953.2073 116311.842907 290.955940 15.245906 11.023366
1953.2278 116384.811660 290.814522 15.357204 11.013739
1953.2482 116409.271465 290.669718 15.431886 11.015706
1953.2686 116431.217204 290.528503 15.500594 11.004482
1953.2891 116453.011847 290.397848 15.575346 10.988154
1953.3095 116510.862343 290.284726 15.616143 10.987276
1953.3299 116506.266857 290.196110 15.672231 10.986790
1953.3503 116488.609307 290.138973 15.718734 10.975952
1953.3912 116467.958113 290.147022 15.385074 11.014978
1953.4116 116490.562720 290.226153 15.449721 11.002923
1953.4321 116487.541023 290.364654 15.544769 10.998057
1953.4525 116490.449177 290.569496 15.614602 10.993887
1953.4729 116505.963419 290.847311 15.662447 10.980148
1953.4934 116482.501388 291.197489 15.747062 10.982594
1953.5342 116440.143827 292.084581 15.886920 10.956542
1953.5547 116375.032105 292.605893 15.948580 10.949699
1953.5751 116370.609440 293.168657 16.031640 10.948109
1953.5955 116249.173870 293.765074 16.136925 10.937693
1953.6160 116309.203513 294.387341 15.547616 11.003758
1953.6364 116309.498132 295.027662 15.550604 10.995601
1953.6568 116296.306900 295.678239 15.632349 10.983766
1953.6773 116250.790585 296.331274 15.677324 10.984246
1953.6977 116240.444941 296.978969 15.747160 10.969917
1953.7181 116249.992869 297.613525 15.807561 10.967904
1953.7385 116183.499736 298.227145 15.870592 10.965245
1953.7794 116105.696586 299.360381 15.996643 10.953739
1953.7998 116066.344636 299.864401 16.063088 10.939307
1953.8203 115987.125426 300.316505 16.131332 10.939604
1953.8407 115880.746377 300.713805 16.229905 10.928810
1953.8611 115963.447650 301.058010 15.656228 10.989587
1953.8816 116058.727269 301.351010 15.514582 11.006430
1953.9020 116094.364312 301.594710 15.588589 10.982185
1953.9224 116095.213886 301.791004 15.632036 10.988047
1953.9429 116129.163166 301.941788 15.710489 10.980136
1953.9633 116141.357205 302.048962 15.755838 10.972480
1953.9837 116115.563886 302.114422 15.818322 10.965357
1954.0246 116067.116378 302.127788 15.977515 10.952534
1954.0450 116022.515133 302.079489 16.082326 10.940432
1954.0655 115974.414125 301.997065 16.163037 10.934540
1954.0859 115932.233321 301.882413 16.240826 10.931905
1954.1267 116002.704170 301.564015 15.106039 11.039288
1954.1472 116058.162458 301.364064 15.159960 11.041632
1954.1676 116112.557539 301.139577 15.186675 11.044932
1954.1880 116120.760779 300.894931 15.216033 11.034208
1954.2085 116152.509479 300.636876 15.268619 11.029769
1954.2289 116189.795882 300.372267 15.294527 11.014535
1954.2493 116279.294417 300.107956 15.363661 11.000929
1954.2698 116292.030779 299.850802 15.384572 11.000768
1954.2902 116301.562667 299.607655 15.463553 11.006188
1954.3106 116337.380969 299.385369 15.517685 11.002827
1954.3311 116349.617594 299.190802 15.543736 10.998539
1954.3515 116287.921666 299.030806 15.292974 11.023661
1954.3719 116288.469333 298.912234 15.271242 11.023294
1954.3924 116318.679956 298.841942 15.324582 11.019171
1954.4128 116350.825230 298.826785 15.361475 11.017795
1954.4332 116390.032918 298.873615 15.417484 11.018141
1954.4537 116387.673294 298.989288 15.496566 11.017530
1954.4741 116393.375883 299.180332 15.516156 11.000288
1954.4945 116408.497990 299.445465 15.564075 10.992805
1954.5149 116425.428840 299.775416 15.608838 10.989723
1954.5354 116437.978902 300.160555 15.631683 10.977073
1954.5558 116425.967900 300.591240 15.681765 10.981626
1954.5762 116394.210173 301.057844 15.719640 10.979331
1954.5967 116358.561331 301.550733 15.497319 11.004865
1954.6171 116343.233363 302.060273 15.511131 11.009926
1954.6375 116349.109315 302.576832 15.561695 11.003384
1954.6580 116380.938338 303.090770 15.598998 10.982322
1954.6784 116361.784819 303.592461 15.642183 10.987864
1954.6988 116342.515941 304.072270 15.689190 10.981049
1954.7193 116348.386895 304.520558 15.729648 10.982634
1954.7397 116313.980992 304.927698 15.769310 10.978866
1954.7601 116306.180115 305.284056 15.814347 10.958951
1954.7806 116288.196994 305.580267 15.851196 10.962822
1954.8010 116246.446512 305.813835 15.922102 10.958896
1954.8419 116237.622820 306.112080 15.517724 11.004706
1954.8623 116222.484458 306.186786 15.505638 11.007058
1954.8827 116184.160485 306.218568 15.545664 10.999654
1954.9032 116261.952336 306.212442 15.599143 10.989669
1954.9236 116264.162153 306.173421 15.648757 10.986097
1954.9440 116227.970188 306.106522 15.696193 10.985342
1954.9644 116255.765556 306.016758 15.749317 10.976483
1954.9849 116276.220783 305.909145 15.788820 10.975067
1955.0053 116250.954672 305.788698 15.828491 10.965130
1955.0257 116288.619083 305.660432 15.879438 10.952707
1955.0462 116235.148054 305.529361 15.942584 10.957672
1955.0870 116222.440978 305.278866 15.326556 11.025976
1955.1075 116194.601812 305.169472 15.263613 11.028806
1955.1279 116209.066506 305.077313 15.331750 11.022552
1955.1483 116258.566502 305.006810 15.414057 11.018020
1955.1688 116300.800329 304.961781 15.483087 11.009315
1955.1892 116329.187357 304.946010 15.529151 10.997462
1955.2096 116360.819025 304.963284 15.596406 10.982337
1955.2301 116334.689286 305.017386 15.645134 10.986733
1955.2505 116352.360688 305.112103 15.695725 10.981262
1955.2709 116376.229927 305.251219 15.751754 10.976688
1955.2914 116347.263323 305.438520 15.787585 10.976242
1955.3118 116351.649396 305.677793 15.853808 10.960306
1955.3322 116340.748836 305.972820 15.601290 10.993829
1955.3526 116339.277607 306.327388 15.625077 10.992133
1955.3731 116333.542235 306.745283 15.678651 10.983784
1955.3935 116341.491673 307.230289 15.720850 10.981724
1955.4139 116349.895368 307.786192 15.777835 10.968109
1955.4344 116291.734201 308.416484 15.819830 10.970536
1955.4548 116253.266151 309.116664 15.890094 10.956553
1955.4957 116192.235010 310.673207 15.985285 10.951124
1955.5161 116094.602305 311.502148 16.075102 10.946153
1955.5365 115968.013084 312.346605 16.145805 10.941863
1955.5570 115855.285975 313.192858 16.222858 10.934085
1955.5774 115990.520089 314.027202 15.615412 10.997941
1955.5978 115977.983560 314.835941 15.513270 10.993675
1955.6387 115933.868095 316.321750 15.635794 10.990221
1955.6591 115965.471768 316.971402 15.706626 10.985183
1955.6796 115959.439732 317.540619 15.752773 10.978899
1955.7000 115905.900764 318.015690 15.818414 10.975071
1955.7408 115829.304912 318.628560 15.944484 10.964807
1955.7613 115799.470806 318.738948 16.030648 10.951663
1955.7817 115718.666146 318.700363 16.091180 10.947082
1955.8021 115679.015202 318.499643 16.201626 10.943198
1955.8226 115848.187087 318.139244 15.608512 11.000493
1955.8430 115916.731579 317.639137 15.546924 10.993143
1955.8634 115949.961275 317.020203 15.628031 10.989239
1955.8839 115961.313244 316.303349 15.674901 10.983549
1955.9043 116017.938655 315.509457 15.749441 10.973600
1955.9247 116081.703165 314.659418 15.803605 10.971757
1955.9452 116130.945901 313.774138 15.882105 10.964832
1955.9656 116161.521145 312.874497 15.946636 10.954606
1955.9860 116142.981215 311.981387 16.023691 10.951067
1956.0065 116109.025076 311.115711 16.133923 10.938055
1956.0269 116074.928489 310.298355 16.201044 10.942413
1956.0473 115992.518429 309.550213 16.304831 10.925543
1956.0882 116355.871693 308.345142 15.388960 11.012894
1956.1086 116376.403621 307.929997 15.409093 10.996036
1956.1290 116358.688395 307.667072 15.479538 11.009295
1956.1495 116397.354879 307.559826 15.534952 11.006210
1956.1699 116389.808820 307.592362 15.569438 11.002267
1956.1903 116420.034925 307.747721 15.611552 10.991371
1956.2108 116430.267891 308.008945 15.645029 10.986394
1956.2312 116395.094208 308.359068 15.668005 10.986545
1956.2516 116405.016371 308.781137 15.705201 10.980023
1956.2721 116369.461287 309.258188 15.740097 10.982037
1956.2925 116363.216653 309.773257 15.796922 10.986241
1956.3129 116283.498659 310.309395 15.604888 10.998930
1956.3334 116331.718990 310.849632 15.583718 10.996671
1956.3538 116315.797753 311.377009 15.627216 10.987235
1956.3742 116314.341377 311.874573 15.653056 10.984232
1956.3947 116326.673737 312.325357 15.686943 10.968297
1956.4151 116309.613397 312.712404 15.730062 10.976850
1956.4355 116296.030204 313.019080 15.789445 10.976131
1956.4560 116321.756404 313.239053 15.810783 10.973033
1956.4764 116388.346780 313.378079 15.862703 10.973648
1956.4968 116317.750815 313.442599 15.910705 10.957071
1956.5172 116280.404755 313.439058 15.938379 10.953995
1956.5377 116212.101635 313.373902 16.011857 10.955615
1956.5581 116231.504394 313.253573 15.516322 11.004284
1956.5785 116155.120917 313.084517 15.414144 11.012626
1956.5990 116152.490733 312.873177 15.471948 11.008543
1956.6194 116163.536977 312.625997 15.521080 11.015023
1956.6398 116208.422169 312.349421 15.568838 10.996504
1956.6603 116204.590454 312.049896 15.606658 10.982392
1956.6807 116264.722646 311.733864 15.675615 10.990159
1956.7011 116266.828191 311.407767 15.714705 10.980286
1956.7216 116308.058314 311.078053 15.748702 10.983038
1956.7420 116327.895810 310.751140 15.801424 10.976565
1956.7624 116334.183784 310.432570 15.833071 10.962043
1956.7829 116339.716780 310.126848 15.927518 10.965011
1956.8033 116381.596170 309.838412 15.532748 11.002425
1956.8237 116357.124677 309.571697 15.476782 11.012117
1956.8442 116391.309963 309.331145 15.530384 11.005822
1956.8646 116404.908892 309.121192 15.583411 11.011455
1956.8850 116505.522600 308.946280 15.647060 10.989740
1956.9055 116519.415970 308.810843 15.675361 10.980383
1956.9259 116529.202847 308.719322 15.726679 10.974214
1956.9463 116502.043534 308.676156 15.776018 10.978673
1956.9667 116529.672036 308.685781 15.832704 10.969942
1956.9872 116481.494760 308.752638 15.890610 10.964590
1957.0076 116495.164708 308.881163 15.928647 10.960060
1957.0485 116468.685048 309.340978 15.456651 11.017587
1957.0689 116353.414058 309.680985 15.355545 11.028623
1957.0893 116382.312067 310.094751 15.414770 11.018457
1957.1098 116405.001029 310.574614 15.464910 11.007306
1957.1302 116394.875738 311.112509 15.533431 10.998731
1957.1506 116359.363514 311.700384 15.562993 10.998764
1957.1711 116371.998871 312.330168 15.640003 10.989662
1957.1915 116348.669291 312.993801 15.670988 10.987428
1957.2119 116339.782768 313.683223 15.739175 10.987692
1957.2324 116354.206436 314.390371 15.766993 10.969804
1957.2528 116271.965508 315.107182 15.826271 10.970956
1957.2732 116228.219598 315.825596 15.885692 10.965882
1957.2937 116248.563042 316.537550 15.657571 10.991501
1957.3141 116208.844479 317.234982 15.648220 10.993186
1957.3345 116202.586652 317.909829 15.691326 10.986185
1957.3549 116202.928207 318.554031 15.738609 10.976388
1957.3754 116159.684048 319.159604 15.789370 10.973864
1957.3958 116097.200811 319.721280 15.848649 10.973101
1957.4162 116080.503444 320.237246 15.909437 10.955975
1957.4367 116028.075933 320.705887 15.967315 10.956789
1957.4571 115954.379580 321.125596 16.056522 10.951045
1957.4775 115931.968830 321.494772 16.119472 10.949920
1957.4980 115873.126399 321.811802 16.197740 10.935397
1957.5184 115795.486466 322.075080 16.257228 10.930015
1957.5388 115952.246410 322.283002 15.696664 10.990492
1957.5593 116002.999657 322.433958 15.588259 10.992530
1957.5797 115998.398087 322.526342 15.630752 10.994094
1957.6001 116014.418366 322.558546 15.697658 10.985864
1957.6206 116066.686948 322.528964 15.738633 10.977985
1957.6410 116034.431234 322.435989 15.788138 10.977844
1957.6614 116063.938279 322.278014 15.842862 10.968910
1957.7023 116074.385513 321.761919 15.962182 10.956079
1957.7227 116090.942757 321.412475 16.018816 10.954779
1957.7431 116036.944204 321.018174 16.106596 10.952162
1957.7636 116020.391946 320.592114 16.156025 10.940361
1957.7840 116166.125528 320.147399 15.501195 11.013852
1957.8044 116196.319291 319.697125 15.382205 11.015779
1957.8249 116217.206074 319.254391 15.454162 11.007788
1957.8453 116273.858135 318.832295 15.536526 11.006608
1957.8657 116303.502667 318.443937 15.574128 10.999363
1957.8862 116316.855786 318.102415 15.640795 10.995214
1957.9066 116351.170599 317.820829 15.686388 10.987249
1957.9270 116407.842838 317.612273 15.735117 10.978025
1957.9475 116404.748451 317.489852 15.791365 10.972767
1957.9679 116362.522160 317.466661 15.843578 10.978986
1957.9883 116391.977462 317.555800 15.895667 10.960075
1958.0088 116332.261813 317.770051 15.963336 10.959108
1958.0496 116316.356972 318.557413 15.439957 11.013195
1958.0701 116306.081509 319.096027 15.543617 11.003876
1958.0905 116286.650480 319.707506 15.595312 11.008433
1958.1109 116296.152277 320.374020 15.643884 10.993012
1958.1313 116230.520140 321.077758 15.688470 11.003301
1958.1518 116224.236897 321.800900 15.718270 10.983878
1958.1722 116221.529914 322.525615 15.757769 10.975077
1958.1926 116200.762724 323.234098 15.784172 10.965731
1958.2131 116136.286164 323.908517 15.840075 10.969391
1958.2335 116109.718121 324.531052 15.854968 10.961475
1958.2539 116045.858967 325.083893 15.938642 10.965398
1958.2744 115997.109742 325.549210 15.631715 10.999323
1958.2948 116020.400645 325.909184 15.515776 11.006850
1958.3152 116006.981892 326.146000 15.556859 11.010721
1958.3357 116019.352426 326.242183 15.592082 10.997221
1958.3561 116052.572086 326.195140 15.615495 10.998617
1958.3765 116057.829394 326.022320 15.651288 10.992919
1958.3970 116071.689889 325.742589 15.693223 10.986476
1958.4174 116102.744120 325.374811 15.722083 10.988331
1958.4378 116135.401170 324.937857 15.769346 10.994657
1958.4583 116153.956026 324.450587 15.792734 10.976538
1958.4787 116190.357536 323.931866 15.837028 10.971917
1958.4991 116200.381183 323.400566 15.871913 10.967064
1958.5196 116277.083055 322.875551 15.490250 11.012109
1958.5400 116268.872626 322.375680 15.431352 11.012026
1958.5604 116292.604298 321.919829 15.474836 11.011919
1958.5808 116315.209056 321.526855 15.524838 11.000714
1958.6013 116352.943104 321.215628 15.580094 11.010349
1958.6217 116370.947677 321.005015 15.612911 10.997642
1958.6421 116405.724206 320.913567 15.658730 11.003548
1958.6626 116416.715429 320.945965 15.667122 10.994698
1958.6830 116422.580295 321.087739 15.709174 10.979233
1958.7034 116369.259786 321.323027 15.746805 10.986729
1958.7239 116384.703908 321.635961 15.784694 10.977315
1958.7443 116376.737551 322.010678 15.826432 10.980995
1958.7647 116311.340223 322.431306 15.546349 11.014116
1958.7852 116298.654820 322.881986 15.488385 11.017761
1958.8056 116320.679601 323.346852 15.511088 11.004456
1958.8260 116331.376512 323.810033 15.561378 10.999541
1958.8465 116279.456334 324.255669 15.604016 11.001967
1958.8669 116286.795930 324.667895 15.638650 10.997326
1958.8873 116282.149185 325.030839 15.669699 10.993485
1958.9078 116272.617162 325.328641 15.713628 10.991597
1958.9282 116249.317236 325.545435 15.749999 10.977284
1958.9486 116282.664018 325.665619 15.791482 10.982513
1958.9690 116284.157435 325.686119 15.819908 10.974839
1958.9895 116269.289888 325.621548 15.864899 10.976341
1959.0099 116242.432609 325.487855 15.516127 11.013142
1959.0303 116252.136783 325.300987 15.448540 11.025771
1959.0508 116274.419806 325.076893 15.514423 11.006264
1959.0712 116349.879340 324.831521 15.543848 11.002576
1959.0916 116313.427162 324.580820 15.596914 10.995114
1959.1121 116337.627790 324.340738 15.636789 10.994214
1959.1325 116374.405619 324.127221 15.684443 10.990596
1959.1529 116390.535241 323.956221 15.715389 10.989118
1959.1734 116387.102967 323.843685 15.734680 10.986908
1959.1938 116396.851805 323.805560 15.785065 10.977892
1959.2142 116419.888144 323.857795 15.810110 10.983694
1959.2347 116406.405680 324.016339 15.857312 10.976143
1959.2551 116359.534671 324.296869 15.524493 11.012653
1959.2755 116361.356717 324.701452 15.483234 11.006872
1959.2960 116308.011519 325.212505 15.536206 11.008558
1959.3164 116328.381064 325.810896 15.584074 11.002808
1959.3368 116274.636446 326.477499 15.631829 10.996849
1959.3572 116282.578991 327.193199 15.666363 11.001863
1959.3777 116326.320495 327.938860 15.707282 10.993959
1959.3981 116230.977476 328.695358 15.731567 10.979770
1959.4185 116227.968192 329.443578 15.780246 10.981031
1959.4390 116193.220370 330.164383 15.832674 10.974162
1959.4594 116118.363792 330.838650 15.860278 10.976320
1959.4798 116071.574425 331.447262 15.923230 10.968221
1959.5003 116092.856668 331.971085 15.568347 11.007186
1959.5207 116085.911541 332.390998 15.582792 10.999952
1959.5411 116029.508997 332.687872 15.617531 11.000700
1959.5616 116057.390615 332.842854 15.672488 10.993834
1959.5820 116066.557944 332.851328 15.708582 10.989246
1959.6024 116096.794229 332.729748 15.756032 10.982575
1959.6229 116092.985666 332.496266 15.799809 10.981671
1959.6433 116119.165485 332.169032 15.834518 10.979655
1959.6637 116158.915092 331.766202 15.887002 10.968146
1959.6842 116153.883128 331.305928 15.927671 10.966079
1959.7046 116157.550445 330.806361 15.991862 10.959855
1959.7454 116267.770709 329.761961 15.283764 11.045645
1959.7659 116116.705952 329.253431 15.081384 11.048508
1959.7863 116197.689877 328.778219 15.162956 11.044804
1959.8067 116233.894467 328.354477 15.217892 11.043356
1959.8272 116260.225471 328.000356 15.283210 11.034595
1959.8476 116335.314007 327.734010 15.362463 11.024700
1959.8680 116351.439810 327.573591 15.409359 11.024394
1959.8885 116356.791425 327.537025 15.495466 11.014879
1959.9089 116359.713806 327.629461 15.552099 11.012956
1959.9293 116381.494568 327.836697 15.607254 11.000627
1959.9498 116332.677837 328.142924 15.658010 10.998711
1959.9702 116355.041177 328.532334 15.704693 10.989311
1960.0111 116284.509477 329.497443 15.474758 11.021336
1960.0315 116247.300810 330.041527 15.501688 11.012552
1960.0519 116233.694852 330.605543 15.548954 11.009522
1960.0724 116224.162412 331.173689 15.619587 11.011975
1960.0928 116252.797277 331.730147 15.645519 11.001833
1960.1337 116211.657653 332.744763 15.727197 10.979983
1960.1541 116191.178016 333.171298 15.751957 10.992348
1960.1745 116220.283330 333.522903 15.771446 10.976375
1960.1949 116252.330295 333.783771 15.798462 10.969279
1960.2154 116192.930770 333.938085 15.864161 10.975484
1960.2358 116175.657710 333.970260 15.276400 11.048928
1960.2562 116061.948519 333.878004 15.150707 11.054848
1960.2767 116099.223593 333.679641 15.180808 11.045243
1960.2971 116122.615713 333.395267 15.256673 11.046076
1960.3175 116155.889291 333.044984 15.277689 11.035529
1960.3380 116207.232494 332.648884 15.331788 11.029086
1960.3584 116231.710304 332.227064 15.387095 11.029206
1960.3788 116295.794433 331.799624 15.416838 11.028057
1960.3993 116327.146004 331.386663 15.478016 11.029718
1960.4197 116353.327137 331.008271 15.500868 11.019187
1960.4401 116422.417468 330.684550 15.553518 11.011065
1960.4606 116385.354714 330.435597 15.580643 11.002061
1960.4810 116404.236956 330.281509 15.408634 11.028041
1960.5014 116387.584249 330.242383 15.420845 11.016455
1960.5219 116380.422066 330.338315 15.456399 11.016827
1960.5423 116391.114873 330.589153 15.517889 11.017466
1960.5627 116349.545981 330.998863 15.555077 11.016369
1960.5831 116365.910286 331.546209 15.598057 11.012183
1960.6036 116352.654301 332.207709 15.624617 11.007912
1960.6240 116393.327434 332.959891 15.659932 10.989331
1960.6444 116302.398749 333.779265 15.701806 10.991662
1960.6649 116267.171521 334.642366 15.740643 10.988419
1960.6853 116214.249593 335.525717 15.776070 10.987067
1960.7057 116198.329638 336.405828 15.814956 10.994694
1960.7262 116144.747913 337.259234 15.575555 11.012083
1960.7466 116085.092931 338.062457 15.546460 11.018306
1960.7670 116096.421361 338.792008 15.603586 10.996352
1960.7875 116064.907492 339.424422 15.626142 11.001849
1960.8079 116023.200035 339.936218 15.669450 10.996568
1960.8283 116039.141140 340.303914 15.698398 10.994830
1960.8488 116042.190119 340.504276 15.737986 10.994371
1960.8692 116027.799072 340.530251 15.772900 10.988289
1960.8896 116054.853776 340.401097 15.800883 10.978842
1960.9101 116043.861305 340.138483 15.852881 10.976688
1960.9305 116051.407739 339.764074 15.872794 10.974689
1960.9509 116087.485868 339.299538 15.932771 10.974801
1960.9713 116122.658338 338.766542 15.325703 11.040198
1960.9918 116083.688810 338.186752 15.248603 11.043240
1961.0122 116132.747339 337.581833 15.273960 11.033521
1961.0326 116164.103409 336.973458 15.329649 11.028736
1961.0531 116184.640012 336.383294 15.381349 11.026052
1961.0735 116231.517784 335.833000 15.433831 11.024373
1961.0939 116281.376122 335.344249 15.496487 11.020076
1961.1144 116291.337562 334.938710 15.523703 11.017650
1961.1348 116341.658906 334.638043 15.581506 11.006875
1961.1552 116338.302052 334.463752 15.621482 11.005672
1961.1757 116394.400873 334.424989 15.670046 11.004335
1961.1961 116374.335150 334.510373 15.715200 10.994590
1961.2165 116370.614565 334.706583 15.422772 11.024355
1961.2370 116333.665533 335.000300 15.421069 11.021282
1961.2574 116337.454971 335.378201 15.473020 11.017404
1961.2778 116282.832585 335.826963 15.539639 11.013377
1961.2983 116291.392506 336.333274 15.590580 11.005163
1961.3187 116301.856238 336.883804 15.641946 11.011565
1961.3391 116268.023684 337.465233 15.676740 11.001081
1961.3596 116271.921271 338.064248 15.713478 10.985692
1961.3800 116230.712720 338.667520 15.748997 10.989674
1961.4004 116231.104619 339.261734 15.791357 10.984161
1961.4208 116197.573396 339.833560 15.840428 10.983231
1961.4413 116159.691506 340.369686 15.882396 10.972309
1961.4617 116163.591322 340.856864 15.576831 11.012701
1961.4821 116144.469331 341.287580 15.575163 11.007700
1961.5026 116173.092019 341.664112 15.639870 11.001283
1961.5230 116121.951029 341.989684 15.675181 11.002811
1961.5434 116141.667022 342.267515 15.715329 10.989439
1961.5639 116119.165881 342.500831 15.760027 10.987864
1961.5843 116130.819890 342.692856 15.814078 10.985636
1961.6047 116112.786821 342.846814 15.862607 10.982192
1961.6252 116091.510370 342.965930 15.902859 10.970576
1961.6456 116081.048061 343.053425 15.980283 10.962519
1961.6660 116058.159841 343.112526 16.015628 10.963573
1961.6865 116007.970856 343.146455 16.105901 10.958543
1961.7069 116092.175029 343.158435 15.603350 11.010213
1961.7273 116071.149450 343.151692 15.543443 11.014974
1961.7478 116095.007654 343.129449 15.582815 11.010203
1961.7682 116113.871477 343.094926 15.643576 11.005426
1961.7886 116161.311142 343.051011 15.686698 10.996362
1961.8090 116170.134097 343.000017 15.733476 10.993246
1961.8295 116184.114807 342.944196 15.789900 10.983297
1961.8499 116175.228250 342.885800 15.832134 10.981749
1961.8703 116134.469666 342.827085 15.916537 10.978267
1961.9112 116147.143362 342.717707 16.032566 10.964767
1961.9316 116114.072479 342.671550 16.100779 10.958486
1961.9725 116192.043899 342.607568 15.417329 11.030770
1961.9929 116220.865586 342.594250 15.444493 11.032331
1962.0134 116213.527812 342.596383 15.509832 11.027825
1962.0338 116234.345904 342.616223 15.543331 11.011863
1962.0542 116253.560275 342.656021 15.594729 11.012294
1962.0747 116276.351793 342.718032 15.608316 11.004358
1962.0951 116259.199457 342.804508 15.667757 11.004153
1962.1155 116278.923138 342.917682 15.701248 11.006136
1962.1360 116275.237636 343.057730 15.737186 11.007694
1962.1564 116240.606138 343.221176 15.762130 10.991871
1962.1768 116267.675711 343.404159 15.785496 10.982804
1962.1972 116270.758912 343.602816 15.533967 11.008242
1962.2177 116273.538731 343.813291 15.495437 11.011414
1962.2381 116252.446024 344.031724 15.564139 11.003505
1962.2585 116250.270308 344.254253 15.601455 11.008955
1962.2790 116245.448491 344.477018 15.652057 11.003556
1962.2994 116232.108152 344.696162 15.679978 11.003718
1962.3198 116247.497112 344.907823 15.719195 10.994707
1962.3403 116254.375423 345.108142 15.749625 10.995122
1962.3607 116235.391613 345.293257 15.775557 10.991884
1962.3811 116226.556794 345.459310 15.808002 10.985607
1962.4016 116203.271694 345.602442 15.833238 10.986999
1962.4220 116195.718951 345.718812 15.884315 10.983353
1962.4424 116192.251393 345.806612 15.431001 11.033444
1962.4629 116172.033554 345.867745 15.396387 11.049915
1962.4833 116167.831205 345.904511 15.421345 11.025242
1962.5037 116240.362960 345.919211 15.464055 11.020937
1962.5242 116215.934456 345.914145 15.494449 11.015465
1962.5446 116231.201839 345.891612 15.527326 11.011468
1962.5650 116267.815927 345.853913 15.578047 11.007805
1962.5855 116272.607795 345.803348 15.619523 11.017071
1962.6059 116266.735727 345.742217 15.660753 11.003714
1962.6263 116269.006453 345.672819 15.690277 11.009630
1962.6467 116306.269430 345.597456 15.723515 11.002137
1962.6672 116290.302181 345.518426 15.755142 10.993064
1962.6876 116299.573912 345.438031 15.438851 11.020893
1962.7080 116272.527379 345.358570 15.418253 11.029500
1962.7285 116273.060603 345.282347 15.467216 11.024274
1962.7489 116306.956508 345.212032 15.499619 11.024999
1962.7693 116317.444741 345.150982 15.537821 11.020338
1962.7898 116331.979552 345.102629 15.592199 11.016084
1962.8102 116363.519830 345.070405 15.611140 11.006926
1962.8306 116387.986866 345.057743 15.660247 11.002057
1962.8511 116360.869174 345.068075 15.690263 10.997126
1962.8715 116381.955067 345.104833 15.714924 10.997473
1962.8919 116388.401762 345.171451 15.745937 10.995631
1962.9124 116353.281006 345.271360 15.784082 10.996114
1962.9328 116329.026199 345.407991 15.313946 11.042178
1962.9532 116306.523215 345.584780 15.285994 11.039648
1962.9737 116308.207612 345.805156 15.362957 11.039870
1962.9941 116299.968731 346.072552 15.390802 11.032291
1963.0145 116291.825103 346.390403 15.460069 11.033543
1963.0349 116304.839345 346.762099 15.499878 11.026493
1963.0554 116278.140792 347.186571 15.551303 11.017473
1963.0758 116303.314053 347.654161 15.583441 11.003144
1963.0962 116284.032876 348.154259 15.630119 11.003082
1963.1167 116263.099531 348.676243 15.682538 11.000409
1963.1371 116238.633968 349.209493 15.711661 11.001715
1963.1575 116217.775299 349.743391 15.759569 10.993734
1963.1780 116169.244332 350.267317 15.495919 11.024420
1963.1984 116163.626592 350.770652 15.507567 11.016732
1963.2188 116169.981712 351.242780 15.548909 11.021529
1963.2393 116163.471700 351.673075 15.602262 11.015207
1963.2597 116123.626349 352.050924 15.653344 11.008926
1963.2801 116162.294497 352.365707 15.687137 10.993352
1963.3006 116149.317660 352.606801 15.727917 10.992604
1963.3210 116135.013531 352.763591 15.756789 10.995088
1963.3414 116113.735134 352.825518 15.813866 10.986276
1963.3619 116106.884984 352.789789 15.845004 10.983850
1963.3823 116106.233584 352.668874 15.930629 10.979042
1963.4027 116132.002532 352.477024 15.943322 10.978290
1963.4232 116141.605175 352.228488 15.267734 11.051709
1963.4436 116061.798309 351.937518 15.150555 11.050795
1963.4640 116085.868908 351.618362 15.206479 11.046189
1963.4844 116139.289492 351.285271 15.274728 11.048373
1963.5049 116198.063982 350.952495 15.333215 11.041608
1963.5253 116262.367810 350.634285 15.398329 11.033552
1963.5457 116349.860416 350.344889 15.441127 11.023882
1963.5662 116344.324458 350.098558 15.504923 11.022958
1963.5866 116322.913336 349.909544 15.552827 11.021938
1963.6070 116355.422492 349.792095 15.602626 11.011020
1963.6275 116385.622953 349.760461 15.635383 11.007441
1963.6479 116363.494020 349.828830 15.679722 11.004353
1963.6683 116315.033170 350.002749 15.383746 11.039782
1963.6888 116307.092760 350.270359 15.377576 11.042722
1963.7092 116312.437407 350.617713 15.440205 11.027930
1963.7296 116250.838334 351.030871 15.481803 11.025037
1963.7501 116304.426483 351.495881 15.559500 11.012762
1963.7705 116262.714188 351.998798 15.587618 11.016842
1963.7909 116256.934360 352.525678 15.639208 11.010025
1963.8114 116251.945918 353.062574 15.678757 11.005782
1963.8318 116245.839074 353.595540 15.720305 10.995805
1963.8522 116214.215178 354.110631 15.758685 10.994160
1963.8726 116212.593398 354.593900 15.804844 10.990142
1963.8931 116187.103770 355.031401 15.840206 10.980287
1963.9339 116208.058910 355.713318 15.549126 11.026148
1963.9544 116163.102438 355.929841 15.592160 11.019785
1963.9748 116193.419754 356.044871 15.658877 11.012077
1963.9952 116177.459656 356.053321 15.672116 10.999178
1964.0157 116220.181599 355.968268 15.706581 10.996473
1964.0361 116238.440108 355.805028 15.724954 10.992432
1964.0565 116250.011939 355.578920 15.765637 10.982721
1964.0770 116218.116534 355.305263 15.804611 10.993666
1964.0974 116228.009088 354.999377 15.840008 10.985257
1964.1178 116237.770757 354.676577 15.881835 10.985971
1964.1383 116237.641043 354.352183 15.902393 10.983172
1964.1587 116275.811399 354.041515 15.583403 11.018617
1964.1791 116254.204407 353.759890 15.351541 11.045511
1964.1996 116289.919650 353.522626 15.406767 11.033104
1964.2200 116310.930096 353.345041 15.433523 11.029921
1964.2404 116320.453120 353.242456 15.477497 11.029158
1964.2609 116342.051202 353.230188 15.511061 11.030380
1964.2813 116373.261084 353.323502 15.548943 11.034496
1964.3017 116354.626170 353.528830 15.572076 11.016600
1964.3221 116368.616177 353.833932 15.602561 11.012239
1964.3426 116371.908230 354.224187 15.646633 11.005129
1964.3630 116356.195654 354.684977 15.659547 10.999790
1964.3834 116343.426966 355.201690 15.707886 11.007358
1964.4039 116299.273441 355.759703 15.450564 11.024458
1964.4243 116258.073697 356.344398 15.478493 11.032206
1964.4447 116209.115112 356.941166 15.501299 11.026537
1964.4652 116211.579251 357.535381 15.554177 11.020798
1964.4856 116167.484134 358.112431 15.589964 11.027021
1964.5060 116222.113935 358.657691 15.609519 11.005017
1964.5265 116177.252744 359.156549 15.660313 11.003971
1964.5469 116180.073007 359.594393 15.691015 11.006337
1964.5673 116162.539226 359.956597 15.737506 10.998399
1964.5878 116108.913532 360.228587 15.759006 10.998609
1964.6082 116132.826495 360.403288 15.799329 10.995923
1964.6286 116132.739768 360.489880 15.819016 10.987265
1964.6695 115960.586752 360.443954 15.127304 11.058606
1964.6899 116056.190995 360.334046 15.187944 11.052738
1964.7103 116059.806057 360.181247 15.236788 11.057844
1964.7308 116022.840756 359.996863 15.260872 11.048873
1964.7512 116104.484298 359.792200 15.319809 11.045373
1964.7716 116131.530393 359.578558 15.339806 11.045812
1964.7921 116176.567777 359.367247 15.391674 11.032498
1964.8125 116178.083898 359.169570 15.433185 11.033213
1964.8329 116205.918837 358.996830 15.468789 11.027021
1964.8534 116259.792754 358.860334 15.505082 11.031305
1964.8738 116268.821965 358.771386 15.563216 11.028891
1964.8942 116210.663301 358.741292 15.308150 11.048699
1964.9147 116196.517827 358.781327 15.296002 11.045366
1964.9351 116254.016252 358.896902 15.352877 11.032439
1964.9555 116234.665133 359.080395 15.406133 11.034895
1964.9760 116186.559517 359.322439 15.473978 11.026963
1964.9964 116201.890189 359.613663 15.521039 11.026862
1965.0168 116186.788314 359.944693 15.588155 11.019785
1965.0373 116228.138319 360.306163 15.609429 11.013792
1965.0577 116222.231368 360.688698 15.664542 11.006408
1965.0781 116201.758934 361.082927 15.702507 11.007340
1965.0985 116181.362158 361.479486 15.758494 11.000788
1965.1190 116164.760001 361.868996 15.796033 10.991093
1965.1394 116136.735410 362.242088 15.470976 11.033561
1965.1598 116120.144210 362.589397 15.464782 11.020754
1965.1803 116125.682456 362.901544 15.516396 11.023788
1965.2007 116117.113806 363.169165 15.588309 11.015209
1965.2211 116110.796933 363.382904 15.633557 11.012888
1965.2416 116173.066334 363.537701 15.701930 11.011109
1965.2824 116144.864433 363.690653 15.763098 10.988945
1965.3233 116118.567787 363.675137 15.822529 10.986950
1965.3437 116117.047991 363.619350 15.861426 10.988903
1965.3642 116101.879379 363.539622 15.903861 10.983823
1965.3846 116106.184270 363.442011 15.395773 11.041800
1965.4050 116075.912498 363.332577 15.354720 11.039851
1965.4255 116110.713479 363.217377 15.438034 11.029957
1965.4459 116142.905338 363.102470 15.484755 11.030565
1965.4663 116149.742326 362.993916 15.551671 11.024330
1965.4868 116213.136932 362.897772 15.589303 11.011742
1965.5072 116191.976573 362.820097 15.652586 11.010793
1965.5276 116246.011327 362.766951 15.695264 11.004676
1965.5480 116253.985583 362.744390 15.731373 11.008228
1965.5685 116233.644434 362.758464 15.771234 10.998519
1965.5889 116239.690894 362.812325 15.799177 10.986456
1965.6093 116232.272302 362.902372 15.869352 10.988317
1965.6298 116227.367191 363.024046 15.356329 11.041342
1965.6502 116127.795862 363.172789 15.315977 11.050886
1965.6706 116147.780629 363.344036 15.349999 11.043786
1965.6911 116170.044534 363.533230 15.436523 11.035839
1965.7115 116204.284838 363.735812 15.479386 11.026213
1965.7319 116192.359267 363.947217 15.564543 11.025715
1965.7524 116213.160364 364.162889 15.594873 11.017762
1965.7728 116204.724754 364.378266 15.654223 11.009861
1965.7932 116172.641705 364.588787 15.687503 11.004168
1965.8137 116205.734781 364.789895 15.741751 11.003022
1965.8341 116176.014855 364.977025 15.791366 11.002324
1965.8545 116163.190906 365.145620 15.826582 10.988649
1965.8954 116154.851669 365.409027 15.313210 11.032732
1965.9158 116165.418361 365.498263 15.363935 11.033316
1965.9362 116165.157999 365.562800 15.360228 11.031693
1965.9567 116148.843729 365.607019 15.441690 11.037445
1965.9771 116180.227561 365.635300 15.462202 11.035048
1965.9975 116181.583375 365.652024 15.503165 11.028767
1966.0180 116204.937828 365.661572 15.544438 11.025239
1966.0384 116235.881906 365.668324 15.552593 11.024609
1966.0588 116212.757575 365.676660 15.583759 11.019964
1966.0793 116246.596769 365.690962 15.626571 11.014556
1966.0997 116260.129965 365.715610 15.661661 11.010267
1966.1201 116200.057150 365.754984 15.388027 11.048076
1966.1406 116229.640813 365.813466 15.404761 11.048704
1966.1610 116244.328878 365.895435 15.438962 11.044093
1966.1814 116222.687814 366.005272 15.491485 11.026491
1966.2019 116237.255446 366.147353 15.506178 11.026307
1966.2223 116252.104030 366.323885 15.563452 11.019921
1966.2427 116252.600084 366.531772 15.587258 11.013200
1966.2632 116278.470337 366.767124 15.621033 11.009422
1966.2836 116245.119347 367.026041 15.653530 11.012718
1966.3040 116223.220993 367.304634 15.690865 11.019265
1966.3245 116218.785590 367.599003 15.716689 11.007312
1966.3449 116219.317899 367.905258 15.750456 11.008716
1966.3653 116198.598171 368.219505 15.481036 11.043427
1966.3857 116139.998009 368.537846 15.428869 11.035780
1966.4266 116125.055753 369.171244 15.525495 11.031906
1966.4470 116126.579752 369.478508 15.577889 11.021673
1966.4675 116155.069682 369.774295 15.607679 11.020113
1966.4879 116131.839492 370.054704 15.661644 11.017920
1966.5083 116138.365833 370.315846 15.675696 11.018460
1966.5288 116144.843132 370.553828 15.713858 10.997742
1966.5492 116128.637095 370.766031 15.740023 10.998593
1966.5696 116109.192729 370.953040 15.783587 11.003289
1966.5901 116113.278028 371.115933 15.817321 10.992421
1966.6105 116140.405149 371.255786 15.504466 11.039898
1966.6309 116080.925396 371.373678 15.467660 11.034849
1966.6514 116068.969005 371.470687 15.498117 11.034309
1966.6718 116097.676429 371.547891 15.549462 11.031746
1966.6922 116135.006658 371.606367 15.577706 11.023362
1966.7127 116138.409370 371.647194 15.635285 11.014872
1966.7331 116151.436961 371.671449 15.645883 11.014175
1966.7535 116129.196335 371.680210 15.694844 11.014710
1966.7739 116128.881889 371.674555 15.722589 11.010308
1966.7944 116117.951354 371.655562 15.757111 11.010668
1966.8148 116168.989487 371.624308 15.783537 10.994437
1966.8352 116187.948827 371.581873 15.811793 10.989606
1966.8557 116187.128682 371.529734 15.372928 11.053872
1966.8761 116043.189437 371.470396 15.237410 11.054527
1966.8965 116124.931720 371.406529 15.295818 11.049588
1966.9170 116126.602557 371.340799 15.335862 11.046859
1966.9374 116140.465393 371.275877 15.394656 11.044553
1966.9578 116165.430969 371.214431 15.421593 11.039036
1966.9783 116177.663023 371.159128 15.481226 11.037595
1966.9987 116176.763935 371.112639 15.514836 11.033857
1967.0191 116206.837272 371.077632 15.562010 11.033558
1967.0396 116215.885765 371.056775 15.600248 11.023541
1967.0600 116262.785166 371.052736 15.629080 11.018496
1967.0804 116266.239269 371.068185 15.668243 11.005359
1967.1009 116240.910825 371.105790 15.376053 11.044282
1967.1213 116316.527834 371.168220 15.377398 11.041908
1967.1417 116208.935524 371.258141 15.412490 11.042248
1967.1622 116232.659764 371.377061 15.476931 11.032743
1967.1826 116254.459602 371.523426 15.512453 11.036188
1967.2030 116212.699857 371.695181 15.566624 11.033839
1967.2234 116254.307138 371.890272 15.579716 11.018101
1967.2439 116244.096579 372.106647 15.649808 11.021767
1967.2643 116273.696870 372.342247 15.674821 11.010578
1967.2847 116246.771512 372.595021 15.734427 11.004082
1967.3052 116229.136743 372.862916 15.740103 11.007492
1967.3256 116233.185714 373.143875 15.786217 11.002205
1967.3460 116200.518799 373.435843 15.458098 11.037752
1967.3665 116148.184036 373.736770 15.416597 11.036734
1967.3869 116168.445385 374.044598 15.461229 11.038122
1967.4073 116140.726711 374.357275 15.510362 11.041196
1967.4278 116135.205287 374.672742 15.557119 11.027192
1967.4482 116141.138498 374.988950 15.596075 11.017090
1967.4686 116125.218636 375.303710 15.644606 11.016663
1967.4891 116140.858858 375.614467 15.677709 11.017722
1967.5095 116173.250746 375.918615 15.725784 11.010401
1967.5299 116160.157364 376.213542 15.754632 11.002820
1967.5504 116149.310811 376.496631 15.785787 10.995340
1967.5708 116117.813912 376.765277 15.832321 10.996489
1967.5912 116111.664351 377.016866 15.642650 11.017309
1967.6117 116105.617789 377.248784 15.635501 11.018609
1967.6321 116113.449094 377.458425 15.682763 11.013956
1967.6525 116093.324032 377.643173 15.720326 11.009121
1967.6934 116076.448146 377.927549 15.804787 10.999956
1967.7138 116097.050706 378.021955 15.846473 10.993726
1967.7342 116050.852384 378.081023 15.902601 10.986976
1967.7547 116050.043056 378.102142 15.948413 10.981134
1967.7751 116025.088585 378.082705 16.026031 10.980155
1967.7955 116029.178920 378.022303 16.075907 10.983529
1967.8160 115955.998246 377.926656 16.149589 10.962769
1967.8568 116136.223104 377.656713 15.464542 11.033676
1967.8773 116176.982276 377.495963 15.458868 11.039310
1967.8977 116198.202579 377.327057 15.472204 11.032768
1967.9181 116208.284427 377.156769 15.505657 11.012610
1967.9386 116209.797320 376.991872 15.532973 11.029815
1967.9590 116204.770797 376.839136 15.576433 11.024664
1967.9794 116236.999191 376.705336 15.587901 11.029922
1967.9999 116252.745711 376.597246 15.620339 11.024490
1968.0203 116212.248346 376.521635 15.643059 11.027627
1968.0407 116253.200278 376.485279 15.680395 11.012704
1968.0611 116287.669663 376.494949 15.694838 11.011710
1968.0816 116272.441581 376.557419 15.504906 11.036843
1968.1020 116225.670024 376.679457 15.489692 11.041358
1968.1224 116232.995891 376.864295 15.538828 11.036111
1968.1429 116263.713280 377.105068 15.565408 11.042119
1968.1633 116257.679222 377.393128 15.606163 11.034951
1968.1837 116246.264326 377.719828 15.630824 11.021213
1968.2042 116226.945209 378.076513 15.660353 11.017103
1968.2246 116243.191820 378.454538 15.684428 11.011900
1968.2450 116226.374695 378.845254 15.709019 11.010456
1968.2655 116222.328945 379.240007 15.740415 11.001965
1968.2859 116160.599195 379.630153 15.764551 11.015822
1968.3063 116173.023395 380.007037 15.809250 11.001359
1968.3268 116157.162326 380.362012 15.358224 11.054925
1968.3472 116066.308144 380.686431 15.254237 11.063741
1968.3676 116081.418148 380.971641 15.280003 11.063187
1968.3881 116117.818157 381.208993 15.346367 11.070741
1968.4085 116105.840456 381.389842 15.363542 11.052552
1968.4289 116111.407347 381.509146 15.401918 11.031527
1968.4494 116119.669316 381.572416 15.440093 11.045991
1968.4698 116133.662771 381.587081 15.480926 11.037148
1968.4902 116142.605635 381.560571 15.521225 11.036443
1968.5106 116217.454450 381.500314 15.566798 11.040933
1968.5311 116181.521652 381.413741 15.594395 11.030494
1968.5515 116185.134328 381.308280 15.647542 11.023835
1968.5719 116178.402126 381.191362 15.322027 11.048167
1968.5924 116175.921539 381.070416 15.301971 11.057069
1968.6128 116191.662228 380.952870 15.356784 11.053826
1968.6332 116236.837025 380.846155 15.389465 11.049228
1968.6537 116227.896806 380.757701 15.447112 11.046258
1968.6741 116279.175208 380.694936 15.489210 11.036252
1968.6945 116262.558714 380.665290 15.535931 11.032231
1968.7150 116269.415989 380.676190 15.551596 11.031911
1968.7354 116291.805670 380.732518 15.603452 11.030337
1968.7558 116296.775688 380.831504 15.637758 11.022708
1968.7763 116306.051808 380.968952 15.675392 11.025504
1968.7967 116337.972542 381.140665 15.707261 11.017321
1968.8171 116302.653809 381.342446 15.546429 11.039918
1968.8376 116293.066801 381.570098 15.546008 11.036748
1968.8580 116264.725991 381.819421 15.560495 11.022850
1968.8784 116299.125567 382.086222 15.608402 11.025181
1968.8988 116279.204816 382.366303 15.646877 11.015845
1968.9193 116260.229925 382.655464 15.680059 11.019358
1968.9397 116254.385538 382.949511 15.713748 11.013893
1968.9601 116276.992667 383.244247 15.750054 11.010765
1968.9806 116263.874417 383.535472 15.779577 11.006250
1969.0010 116216.721744 383.818993 15.821995 11.002058
1969.0214 116214.431759 384.090610 15.852738 11.001891
1969.0419 116155.412922 384.347210 15.905734 10.997566
1969.0623 116229.277015 384.589024 15.546004 11.036759
1969.0827 116186.240383 384.816915 15.492161 11.038225
1969.1032 116198.300013 385.031749 15.519499 11.032722
1969.1236 116180.658597 385.234398 15.562502 11.026620
1969.1440 116188.700178 385.425726 15.607695 11.025825
1969.1645 116186.769267 385.606600 15.643624 11.020090
1969.1849 116205.621071 385.777887 15.680146 11.018073
1969.2053 116193.243369 385.940455 15.705880 11.019570
1969.2258 116240.785591 386.095171 15.745424 11.017154
1969.2462 116206.411879 386.242902 15.761637 11.002820
1969.2666 116175.651852 386.384515 15.819949 11.004006
1969.2871 116197.837466 386.520878 15.857312 10.993311
1969.3075 116207.671894 386.652856 15.656929 11.026150
1969.3279 116219.357855 386.781317 15.644978 11.024417
1969.3483 116209.711744 386.906986 15.681625 11.018844
1969.3688 116246.514208 387.030127 15.711079 11.013884
1969.3892 116218.419819 387.150920 15.741002 11.011707
1969.4096 116211.629946 387.269541 15.779688 11.006122
1969.4301 116225.840988 387.386167 15.817472 11.011732
1969.4709 116160.754795 387.614149 15.893374 10.998817
1969.4914 116172.140176 387.725857 15.945289 10.988492
1969.5118 116175.059442 387.836282 15.980858 10.989448
1969.5322 116131.335047 387.945600 16.054983 10.986555
1969.5527 116261.730880 388.053989 15.506971 11.045893
1969.5731 116214.119656 388.161625 15.455000 11.048018
1969.5935 116221.300242 388.268687 15.489445 11.035939
1969.6140 116195.705856 388.375352 15.548847 11.030029
1969.6344 116206.558245 388.481797 15.579714 11.034138
1969.6548 116204.925043 388.588200 15.630826 11.029979
1969.6753 116275.491894 388.694673 15.657926 11.022952
1969.6957 116236.954542 388.801117 15.697320 11.018746
1969.7161 116221.714154 388.907390 15.721132 11.018567
1969.7366 116249.940471 389.013350 15.754219 11.010425
1969.7570 116222.104887 389.118854 15.794110 11.006890
1969.7774 116212.748732 389.223762 15.838071 11.000734
1969.8183 116275.229774 389.431218 15.377537 11.063725
1969.8387 116217.187836 389.533482 15.335073 11.057146
1969.8591 116245.241606 389.634582 15.378989 11.052398
1969.8796 116218.509230 389.734374 15.451930 11.049755
1969.9000 116249.339474 389.832718 15.477675 11.049664
1969.9204 116243.021766 389.929471 15.526704 11.052430
1969.9409 116251.945728 390.024492 15.541424 11.051734
1969.9613 116253.278957 390.117636 15.592473 11.043045
1969.9817 116298.419296 390.208765 15.603246 11.032441
1970.0022 116282.119909 390.297912 15.639660 11.019394
1970.0226 116378.919467 390.385702 15.657621 11.016660
1970.0430 116284.397200 390.472884 15.242056 11.094048
1970.0635 116590.396899 390.560206 15.034274 11.082899
1970.0839 116176.157613 390.648414 15.067525 11.085603
1970.1043 116136.669168 390.738258 15.093398 11.083304
1970.1248 116155.958306 390.830484 15.150497 11.087710
1970.1452 116157.743390 390.925841 15.181610 11.078636
1970.1656 116184.307778 391.025077 15.208443 11.077661
1970.1860 116226.702935 391.128939 15.255938 11.070637
1970.2065 116257.930247 391.238175 15.287569 11.059711
1970.2269 116268.535573 391.353533 15.337687 11.061930
1970.2473 116265.416673 391.475762 15.364020 11.058426
1970.2678 116308.964733 391.605608 15.419526 11.061061
1970.2882 116288.520769 391.743819 15.438785 11.051725
1970.3086 116306.975392 391.890655 15.497439 11.058898
1970.3291 116297.343562 392.044707 15.515373 11.044756
1970.3495 116310.976521 392.204206 15.554529 11.037300
1970.3699 116313.038651 392.367389 15.576865 11.039872
1970.3904 116324.089826 392.532489 15.598455 11.022810
1970.4108 116326.569179 392.697739 15.626663 11.032850
1970.4312 116333.645800 392.861373 15.647957 11.022664
1970.4517 116322.192986 393.021625 15.689543 11.027357
1970.4721 116318.000091 393.176729 15.708528 11.022908
1970.4925 116309.856123 393.324920 15.737164 11.019077
1970.5130 116298.799142 393.464431 15.766422 11.018401
1970.5538 116280.808591 393.710346 15.410919 11.054932
1970.5743 116349.076864 393.813219 15.452201 11.041469
1970.5947 116294.221721 393.900347 15.492224 11.047388
1970.6151 116291.250337 393.969965 15.541765 11.042817
1970.6355 116325.144851 394.021315 15.578784 11.038168
1970.6560 116350.026839 394.057184 15.614210 11.031972
1970.6764 116348.946075 394.081131 15.649290 11.034530
1970.6968 116369.410240 394.096719 15.680073 11.017860
1970.7173 116387.703648 394.107509 15.708337 11.019446
1970.7377 116394.663871 394.117062 15.733313 11.017890
1970.7581 116333.373005 394.128940 15.777004 11.014637
1970.7786 116355.002566 394.146702 15.318719 11.069149
1970.8194 116316.089217 394.214130 15.325844 11.065131
1970.8399 116340.880399 394.270917 15.367855 11.060061
1970.8603 116371.809448 394.347834 15.407395 11.059833
1970.8807 116452.177001 394.448444 15.448673 11.045107
1970.9012 116466.084052 394.576307 15.493774 11.048743
1970.9216 116388.729542 394.734983 15.548354 11.042737
1970.9420 116411.150047 394.928036 15.572261 11.044701
1970.9625 116391.991100 395.157441 15.624425 11.038581
1970.9829 116377.860950 395.419465 15.645486 11.033674
1971.0033 116371.964062 395.709089 15.681255 11.028183
1971.0238 116414.423770 396.021299 15.485114 11.048373
1971.0442 116388.229871 396.351077 15.483840 11.042987
1971.0646 116341.685497 396.693407 15.521412 11.037313
1971.0850 116370.208999 397.043268 15.556509 11.035655
1971.1055 116325.742814 397.395648 15.604520 11.037931
1971.1259 116339.194604 397.745528 15.635081 11.036223
1971.1463 116356.859005 398.087891 15.671177 11.026166
1971.1668 116326.220307 398.417722 15.688213 11.024230
1971.1872 116336.254186 398.729999 15.733169 11.017884
1971.2076 116297.133165 399.019710 15.762194 11.022677
1971.2281 116277.677114 399.281835 15.809989 11.017347
1971.2485 116269.245862 399.511357 15.833287 11.013379
1971.2689 116315.989741 399.705152 15.360608 11.063240
1971.2894 116269.460612 399.867073 15.269473 11.060672
1971.3098 116269.818209 400.002590 15.344703 11.064183
1971.3302 116274.759676 400.117175 15.393637 11.056462
1971.3507 116347.608427 400.216296 15.439317 11.056681
1971.3711 116297.745574 400.305424 15.497856 11.052377
1971.3915 116353.482755 400.390028 15.541214 11.048663
1971.4120 116340.642719 400.475579 15.590617 11.045935
1971.4324 116365.332455 400.567547 15.629302 11.032526
1971.4528 116364.050344 400.671399 15.673730 11.022556
1971.4733 116340.473378 400.792609 15.702625 11.027113
1971.4937 116354.454107 400.936645 15.745244 11.020628
1971.5141 116208.104084 401.108975 15.108998 11.091120
1971.5345 116194.599261 401.315073 15.085349 11.092547
1971.5550 116198.334720 401.560407 15.122624 11.087581
1971.5754 116218.726316 401.848392 15.190100 11.079399
1971.5958 116227.252192 402.174654 15.227248 11.073251
1971.6163 116244.430667 402.532969 15.294997 11.067531
1971.6367 116311.221645 402.917114 15.340335 11.065314
1971.6571 116277.779094 403.320864 15.407725 11.065711
1971.6776 116287.128136 403.737995 15.438793 11.050716
1971.6980 116284.205942 404.162284 15.506623 11.053995
1971.7184 116246.956151 404.587508 15.540463 11.041968
1971.7389 116252.827775 405.007442 15.593139 11.047437
1971.7797 116227.172261 405.806546 15.667133 11.021825
1971.8002 116248.660547 406.173269 15.708153 11.024706
1971.8206 116217.364071 406.509808 15.739201 11.018445
1971.8410 116203.085368 406.809936 15.784936 11.017273
1971.8615 116220.848911 407.067433 15.820771 11.013522
1971.8819 116167.316512 407.276075 15.870677 11.005958
1971.9023 116149.995785 407.429492 15.902342 11.000467
1971.9227 116119.687344 407.520764 15.964432 11.004848
1971.9432 116129.691322 407.542830 16.005986 10.992617
1971.9636 116133.858710 407.488632 16.089951 10.991529
1971.9840 116102.452452 407.351108 16.114888 10.986520
1972.0045 116282.894294 407.123201 15.445551 11.058980
1972.0249 116220.644558 406.797854 15.262507 11.075206
1972.0453 116252.142652 406.368000 15.327972 11.068928
1972.0658 116310.171760 405.826587 15.374895 11.067283
1972.0862 116384.463825 405.166550 15.442182 11.064372
1972.1066 116435.336828 404.380840 15.465810 11.053005
1972.1271 116472.040717 403.462388 15.530141 11.042443
1972.1475 116517.425621 402.404131 15.563365 11.044697
1972.1679 116655.405249 401.199028 15.612613 11.037834
1972.1884 116705.607943 399.840003 15.641014 11.035601
